           0    0.0108638    0.0110807    0.0114606    0.0119019    0.0123362    0.0127146    0.0129981    0.0131538    0.0131529    0.0129694    0.0125804    0.0119656    0.0111081   0.00999476   0.00861683   0.00697043   0.00505721   0.00288682  0.000468148  -0.00218388  -0.00505063  -0.00811092   -0.0113418    -0.014722   -0.0182375   -0.0218868   -0.0256829   -0.0296714   -0.0339498   -0.0387044   -0.0442776    -0.051297   -0.0609287   -0.0754005   -0.0992503    -0.143157    -0.231217    -0.833115    -0.128667
    0.010884    0.0108415    0.0109916    0.0112605     0.011579    0.0118916    0.0121537     0.012328    0.0123827    0.0122894    0.0120232    0.0115616    0.0108855   0.00997894   0.00882953   0.00742919   0.00577436    0.0038663   0.00171249 -0.000679047  -0.00329575  -0.00612258  -0.00914339   -0.0123426   -0.0157086   -0.0192397   -0.0229488   -0.0268719   -0.0310837   -0.0357219   -0.0410272   -0.0474146   -0.0556018   -0.0668468    -0.083407    -0.109482    -0.153431    -0.229432    -0.374779    -0.291532
   0.0105641    0.0106343    0.0107934    0.0110198    0.0112707    0.0115054    0.0116872     0.011783    0.0117633    0.0116011    0.0112724    0.0107557    0.0100324   0.00908714     0.007908   0.00648717   0.00482109   0.00291042  0.000763336  -0.00161431  -0.00421119  -0.00701436   -0.0100107   -0.0131885   -0.0165411   -0.0200707   -0.0237999   -0.0277686   -0.0320578   -0.0368047   -0.0422364   -0.0487202   -0.0568444   -0.0675409   -0.0822264     -0.10284    -0.130342    -0.165832    -0.188061    -0.123674
   0.0101313     0.010322    0.0105273    0.0107528     0.010975    0.0111659    0.0112967    0.0113393    0.0112671    0.0110549    0.0106799    0.0101212   0.00936082   0.00838364   0.00717807   0.00573637   0.00405501     0.002134 -1.59522e-05  -0.00239131  -0.00498066  -0.00777129   -0.0107506   -0.0139075   -0.0172354   -0.0207301   -0.0244221   -0.0283333   -0.0325352   -0.0371336   -0.0422957   -0.0482708   -0.0554204   -0.0642488   -0.0752553   -0.0882747      -0.1031    -0.113147    -0.104022   -0.0597008
  0.00968429   0.00997687    0.0102389    0.0104853    0.0107033    0.0108741    0.0109754    0.0109836     0.010875    0.0106264    0.0102159   0.00962356   0.00883158   0.00782508   0.00659259   0.00512648   0.00342335   0.00148286 -0.000680801  -0.00306569  -0.00565891  -0.00844611   -0.0114123   -0.0145442   -0.0178295   -0.0212666   -0.0248443   -0.0286057   -0.0325757   -0.0368143   -0.0414159   -0.0464988   -0.0521967   -0.0586704   -0.0658827   -0.0731021   -0.0786297   -0.0776097   -0.0627575   -0.0316262
  0.00926138   0.00964357   0.00996261     0.010239    0.0104664    0.0106317    0.0107175    0.0107037    0.0105692    0.0102925   0.00985279   0.00923047   0.00840811   0.00737096   0.00610758    0.0046105   0.00287662  0.000905796  -0.00128406  -0.00369133  -0.00630046  -0.00909367   -0.0120514   -0.0151548   -0.0183846   -0.0217255   -0.0251591   -0.0286853   -0.0323151   -0.0360596   -0.0399363   -0.0439457   -0.0480711   -0.0525212   -0.0563479   -0.0594133   -0.0596563   -0.0541689   -0.0398052   -0.0168203
  0.00890024   0.00935401   0.00972333    0.0100307    0.0102728    0.0104399    0.0105178     0.010489    0.0103343    0.0100335   0.00956649   0.00891418   0.00805925   0.00698696   0.00568593   0.00414885   0.00237313  0.000359382  -0.00187086  -0.00431494  -0.00695365  -0.00976437   -0.0127212    -0.015796   -0.0189625   -0.0221899   -0.0254501   -0.0287044   -0.0319273   -0.0351192   -0.0382092    -0.041247   -0.0440391   -0.0463334   -0.0480214   -0.0482131   -0.0457217   -0.0387453   -0.0260867  -0.00833567
  0.00862243   0.00912883   0.00953804   0.00987208    0.0101285    0.0102993     0.010372    0.0103307    0.0101576   0.00983314   0.00933783   0.00865274   0.00776056   0.00664644   0.00529898   0.00371112   0.00188086 -0.000190012  -0.00247636  -0.00497349  -0.00765766   -0.0105003    -0.013468    -0.016523   -0.0196265   -0.0227356   -0.0258031   -0.0287779   -0.0316061   -0.0342315   -0.0366964   -0.0387226   -0.0402609   -0.0412007   -0.0411745     -0.03964   -0.0357823    -0.028604   -0.0176679  -0.00344095
  0.00843867   0.00898037   0.00941767   0.00977106    0.0100378    0.0102103    0.0102768    0.0102223    0.0100295   0.00967957   0.00915281   0.00843037    0.0074947   0.00633071   0.00492689   0.00327638   0.00137786 -0.000765649  -0.00312511  -0.00569335  -0.00844135   -0.0113339   -0.0143294   -0.0173801   -0.0204325   -0.0234325   -0.0263189   -0.0290287   -0.0314891   -0.0336865   -0.0354502   -0.0366821   -0.0373011   -0.0371618   -0.0360054   -0.0334685   -0.0290165   -0.0221259   -0.0126567 -0.000901404
  0.00835405   0.00891559   0.00936898   0.00973276    0.0100035    0.0101735    0.0102307    0.0101602   0.00994405   0.00956402   0.00900115   0.00823595   0.00725034    0.0060287   0.00455904   0.00283427  0.000853848  -0.00137824  -0.00382901   -0.0064887  -0.00932244   -0.0122883   -0.0153356   -0.0184059   -0.0214335   -0.0243495   -0.0270836   -0.0295576   -0.0316763   -0.0335228   -0.0347065   -0.0353192   -0.0352366   -0.0343404   -0.0324654   -0.0293735   -0.0247438   -0.0183154   -0.0100342 -7.99696e-05
   0.0083705   0.00893814   0.00939561   0.00975963    0.0100258    0.0101857    0.0102272    0.0101351    0.0098924   0.00947945   0.00887593   0.00806191   0.00701856   0.00572955    0.0041825   0.00237052  0.000293655  -0.00204251  -0.00460278  -0.00737251    -0.010311   -0.0133689   -0.0164875   -0.0195994   -0.0226307   -0.0254996   -0.0281192   -0.0304001   -0.0323484   -0.0337807   -0.0345754   -0.0347165   -0.0341265   -0.0327247    -0.030414   -0.0270476   -0.0224557   -0.0165202  -0.00919874 -0.000605346
  0.00848917   0.00905019   0.00950032   0.00985481    0.0101084     0.010252    0.0102727     0.010155   0.00988058   0.00942947   0.00878051   0.00791256   0.00680564   0.00544227   0.00380916   0.00189889 -0.000288319  -0.00274187  -0.00543401  -0.00833587   -0.0114043   -0.0145828   -0.0178041    -0.020991   -0.0240591   -0.0269177   -0.0294732   -0.0316072   -0.0334572   -0.0345747   -0.0350799   -0.0348895    -0.033955   -0.0322346   -0.0296788    -0.026215   -0.0217648   -0.0162929   -0.0097552  -0.00222593
   0.0087107   0.00925292   0.00968473    0.0100201    0.0102529    0.0103734    0.0103678    0.0102197   0.00990988   0.00941717   0.00871916   0.00779321   0.00661772   0.00517365   0.00344637    0.0014276 -0.000882518  -0.00346883  -0.00631229  -0.00936819   -0.0125914   -0.0159184   -0.0192733   -0.0225697   -0.0257138   -0.0286072   -0.0311512   -0.0332123   -0.0349775   -0.0359132   -0.0362205   -0.0358121   -0.0346621    -0.032758   -0.0300843   -0.0266274   -0.0223639   -0.0173074   -0.0114171  -0.00474754
  0.00903486   0.00954638   0.00994927    0.0102562    0.0104606    0.0105517     0.010515    0.0103327    0.0099846   0.00944798   0.00869875   0.00771234   0.00646507   0.00493587   0.00310829  0.000972747  -0.00147114  -0.00420519  -0.00721787   -0.0104492   -0.0138522   -0.0173564   -0.0208774   -0.0243197   -0.0275806   -0.0305541   -0.0331356   -0.0352183   -0.0368961   -0.0377668   -0.0379582   -0.0374247   -0.0361571   -0.0341613   -0.0314574   -0.0280644   -0.0239988    -0.019306   -0.0139576   -0.0080054
  0.00946052   0.00992955    0.0102933    0.0105633    0.0107323    0.0107887    0.0107169    0.0104981    0.0101103   0.00952907   0.00872832   0.00768109   0.00636113    0.0047448   0.00281333   0.00055537  -0.00203017   -0.0049265  -0.00812354   -0.0115502   -0.0151573   -0.0188673   -0.0225871   -0.0262121   -0.0296312   -0.0327311   -0.0354021   -0.0375503   -0.0392142   -0.0400781   -0.0402278   -0.0396425   -0.0383277   -0.0363089   -0.0336258   -0.0303234   -0.0264489    -0.022069   -0.0171813   -0.0118473
  0.00998515    0.0103999    0.0107147      0.01094    0.0110678    0.0110855    0.0109763    0.0107199    0.0102928   0.00966836    0.0088181   0.00771223   0.00632144   0.00461899   0.00258314  0.000200183  -0.00253221  -0.00560144  -0.00899368   -0.0126344   -0.0164678   -0.0204108   -0.0243615    -0.028206   -0.0318241   -0.0350948   -0.0379032   -0.0401494   -0.0418782   -0.0427771   -0.0429426   -0.0423611   -0.0410508   -0.0390523    -0.036417   -0.0332114   -0.0295101    -0.025396   -0.0209067   -0.0161232
   0.0106041    0.0109528    0.0112097    0.0113835    0.0114654    0.0114417    0.0112945    0.0110016    0.0105375   0.00987349   0.00897833   0.00781895   0.00636246   0.00457844   0.00244149 -6.53295e-05  -0.00294678  -0.00619186  -0.00978754    -0.013656   -0.0177354   -0.0219358   -0.0261466   -0.0302443   -0.0340988   -0.0375813    -0.040571   -0.0429455   -0.0448061   -0.0457736   -0.0459998   -0.0454622   -0.0441889   -0.0422309   -0.0396546   -0.0365378   -0.0329827   -0.0290936   -0.0249549    -0.020678
     0.01131    0.0115814    0.0117719    0.0118886    0.0119215    0.0118556    0.0116712    0.0113448    0.0108482    0.0101507    0.0092181   0.00801366   0.00650017   0.00464332   0.00241317 -0.000211285  -0.00323815  -0.00665834   -0.0104592   -0.0145612   -0.0189028   -0.0233802   -0.0278759   -0.0322561   -0.0363804   -0.0401111   -0.0433222   -0.0458676   -0.0478873   -0.0489593   -0.0492778   -0.0488085   -0.0475879   -0.0456754   -0.0431496   -0.0401057   -0.0366649   -0.0329643   -0.0291403   -0.0253449
    0.012092    0.0122754    0.0123924    0.0124477    0.0124299    0.0123223    0.0121038     0.011749    0.0112261    0.0105034   0.00954406   0.00830661   0.00674854   0.00483242   0.00252231   -0.0002075  -0.00336967  -0.00695817   -0.0109577   -0.0152919    -0.019904   -0.0246714   -0.0294701   -0.0341564   -0.0385779   -0.0425857   -0.0460428   -0.0488294   -0.0509591   -0.0522127   -0.0526359    -0.052244   -0.0510772   -0.0492012   -0.0467052   -0.0437025   -0.0403442   -0.0367994   -0.0332646   -0.0299417
   0.0129352    0.0130213    0.0130595    0.0130514    0.0129832    0.0128352     0.012583    0.0121995    0.0116626    0.0109307   0.00995913   0.00870497   0.00711767   0.00516143   0.00279045 -2.53157e-05  -0.00330487  -0.00704722   -0.0112188   -0.0157958   -0.0206671   -0.0257282   -0.0308391   -0.0358467   -0.0405852    -0.044894   -0.0486261   -0.0516597   -0.0539285   -0.0553766   -0.0559087   -0.0555914    -0.054466   -0.0526044   -0.0501073   -0.0471083   -0.0437904   -0.0403708    -0.037109   -0.0342622
   0.0138212    0.0138027    0.0137602    0.0136907     0.013578    0.0134016    0.0131378    0.0127561    0.0122102    0.0114621    0.0104704   0.00919051   0.00760936   0.00564133   0.00323414   0.00036025  -0.00300916  -0.00687565   -0.0112134    -0.015997   -0.0211149   -0.0264592   -0.0318819    -0.037215   -0.0422809    -0.046904    -0.050925    -0.054212   -0.0566533    -0.058276   -0.0589083   -0.0586525   -0.0575429   -0.0556604   -0.0531199    -0.050079   -0.0467587   -0.0434332   -0.0404332   -0.0380765
   0.0147202     0.014594    0.0144678    0.0143349    0.0141763     0.013969    0.0136853    0.0132935      0.01276    0.0120438    0.0110992   0.00987951   0.00827923   0.00627961   0.00386188    0.0009675   -0.0024571  -0.00641194   -0.0108854   -0.0158325   -0.0211694   -0.0267726   -0.0324894   -0.0381388   -0.0435302   -0.0484692   -0.0527809   -0.0563185    -0.058971   -0.0606861     -0.06144   -0.0612097   -0.0600743   -0.0581214   -0.0554832   -0.0523466   -0.0489773   -0.0457162   -0.0429738   -0.0411321
   0.0156066    0.0153726    0.0151645    0.0149712     0.014771    0.0145388     0.014246    0.0138601    0.0133444    0.0126564    0.0117471    0.0105587   0.00904361   0.00713608   0.00474702   0.00181714  -0.00162989  -0.00562078   -0.0101879   -0.0152504   -0.0207575   -0.0265774    -0.032553   -0.0384933   -0.0441898   -0.0494314   -0.0540238   -0.0578022   -0.0606426    -0.062468   -0.0632581   -0.0630198   -0.0618035   -0.0597154   -0.0569124   -0.0536167   -0.0501466   -0.0469203   -0.0444384    -0.043147
   0.0164512    0.0161135    0.0158279    0.0155789    0.0153422    0.0150912     0.014796    0.0144235    0.0139364    0.0132912    0.0124383    0.0113217   0.00988196   0.00804941   0.00575777   0.00295481  -0.00044359  -0.00448941  -0.00907194   -0.0142038   -0.0198157   -0.0257929   -0.0319702   -0.0381496   -0.0441095    -0.049624   -0.0544715   -0.0584648   -0.0614621     -0.06337   -0.0641494   -0.0638169   -0.0624533   -0.0601448   -0.0570961   -0.0535672   -0.0499374   -0.0467104    -0.044503   -0.0438081
    0.017224    0.0167907    0.0164348    0.0161365    0.0158693    0.0156051    0.0153135    0.0149615    0.0145118    0.0139219    0.0131422    0.0121163    0.0107825   0.00907073   0.00690886    0.0042282  0.000963034  -0.00290072  -0.00746753   -0.0126857   -0.0182905   -0.0243409   -0.0306446    -0.036996   -0.0431606   -0.0488897   -0.0539402   -0.0581013   -0.0612078   -0.0631465   -0.0638696   -0.0633719   -0.0616829   -0.0590853   -0.0556969   -0.0518487   -0.0479929   -0.0447088   -0.0426551    -0.042624
   0.0178958    0.0173794    0.0169632    0.0166234    0.0163319    0.0160596    0.0157765    0.0154501    0.0150444    0.0145185    0.0138247    0.0129078    0.0117047    0.0101472   0.00815873   0.00566374   0.00259227  -0.00110729  -0.00547485   -0.0104231   -0.0161153   -0.0221726   -0.0284992   -0.0349221   -0.0412013   -0.0470655   -0.0522539   -0.0565162   -0.0596609   -0.0615539   -0.0621274   -0.0613966   -0.0594492   -0.0562958   -0.0522819   -0.0478888   -0.0437867   -0.0407306   -0.0393677   -0.0399953
   0.0184401    0.0178573    0.0173932    0.0170211    0.0167114    0.0164354    0.0161638    0.0158658    0.0155075    0.0150505    0.0144499     0.013654    0.0126028    0.0112262   0.00945083   0.00719597   0.00438603   0.00095667  -0.00313503  -0.00788481   -0.0132963   -0.0192057   -0.0254994   -0.0318598   -0.0381328   -0.0440234   -0.0492389   -0.0535119   -0.0566004   -0.0583439   -0.0586504   -0.0575247   -0.0550535    -0.051473   -0.0471183   -0.0424146   -0.0379138    -0.034439   -0.0330258   -0.0344718
   0.0188353    0.0182066    0.0177093    0.0173146    0.0169929    0.0167161    0.0164574    0.0161877    0.0158763    0.0154882    0.0149826    0.0143121    0.0134233    0.0122488    0.0107157   0.00874542   0.00625994   0.00318594 -0.000531025  -0.00491187  -0.00996425   -0.0155639   -0.0215303   -0.0278151   -0.0339053   -0.0396704   -0.0447774   -0.0489208   -0.0518314   -0.0532971   -0.0531908   -0.0515091   -0.0483495   -0.0439504   -0.0386853   -0.0331428   -0.0281436   -0.0246583   -0.0236731   -0.0260259
   0.0190666    0.0184152    0.0179008    0.0174938     0.017166    0.0168912    0.0166438    0.0163991    0.0161299    0.0158057      0.01539    0.0148402    0.0141168     0.013151    0.0118757    0.0102182   0.00810722   0.00545972   0.00221229  -0.00166739   -0.0061608   -0.0113766   -0.0169314   -0.0226075   -0.0285498   -0.0339864   -0.0388031   -0.0426433   -0.0452026   -0.0462245   -0.0455315   -0.0430917   -0.0390104   -0.0335648   -0.0272259    -0.020716   -0.0150162   -0.0112904    -0.010693   -0.0140749
   0.0191293    0.0184797    0.0179659    0.0175581    0.0172297    0.0169568    0.0167171     0.016489      0.01625    0.0159743    0.0156387    0.0152136    0.0146377    0.0138723    0.0128551    0.0115094   0.00980861   0.00763568   0.00492738   0.00164254  -0.00222176  -0.00666044   -0.0116509   -0.0168907   -0.0218649   -0.0270314   -0.0313296    -0.034665   -0.0366519   -0.0370099   -0.0355122   -0.0320654   -0.0267832   -0.0199825   -0.0122364  -0.00443396   0.00222284   0.00632728   0.00653804   0.00195195
   0.0190233    0.0184016    0.0179056    0.0175072    0.0171831    0.0169131     0.016679    0.0164632     0.016248    0.0160146    0.0157375    0.0153857    0.0149305    0.0143316    0.0135409    0.0125597    0.0112417   0.00955896   0.00742516   0.00480292   0.00171821   -0.0018682  -0.00606175   -0.0103931   -0.0148576   -0.0187351   -0.0225167   -0.0250612   -0.0262479   -0.0256683   -0.0230793   -0.0183228   -0.0114856  -0.00292318   0.00667223    0.0162298    0.0242428    0.0289682    0.0288015     0.022752
   0.0187613    0.0181929    0.0177313    0.0173517     0.017035    0.0167658    0.0165302    0.0163153    0.0161081    0.0158942     0.015656    0.0153723    0.0150206    0.0145739    0.0140045    0.0132358    0.0122447    0.0109891   0.00944406   0.00762036   0.00532757   0.00264506 -0.000391872  -0.00386137  -0.00711255   -0.0102962   -0.0124255   -0.0141393   -0.0141846   -0.0123824  -0.00835652   -0.0019144   0.00692396    0.0177787    0.0298435    0.0418202    0.0518281     0.057607    0.0571216    0.0492072
   0.0183663    0.0178746    0.0174621    0.0171087    0.0168012    0.0165291    0.0162836    0.0160564    0.0158393    0.0156231    0.0153969    0.0151477    0.0148609    0.0145179    0.0140946    0.0135566    0.0128799    0.0120413    0.0110145   0.00970289   0.00814695   0.00635859   0.00460594   0.00263343  0.000357758   -0.0014003  -0.00251165  -0.00216447 -0.000971399   0.00244497   0.00829452    0.0168752    0.0282613    0.0420983    0.0574962    0.0728776    0.0859236    0.0935558    0.0929439    0.0824986
   0.0178718    0.0174761    0.0171241    0.0168021    0.0165033    0.0162232    0.0159582    0.0157048    0.0154591    0.0152167    0.0149724    0.0147197    0.0144512    0.0141579    0.0138278    0.0134464    0.0130006    0.0124745    0.0118518    0.0111229    0.0103191    0.0094746   0.00848943   0.00760271   0.00696512   0.00681873   0.00742207   0.00913303    0.0127113    0.0180507    0.0261491    0.0373793    0.0519632     0.069663    0.0895837     0.109869     0.127662     0.138689     0.138504     0.124346
   0.0173209    0.0170347    0.0167498    0.0164604    0.0161673    0.0158723    0.0155773    0.0152833    0.0149905    0.0146986    0.0144065    0.0141127     0.013816     0.013515    0.0132083    0.0128955    0.0125774     0.012257    0.0119399     0.011638    0.0113872    0.0112312    0.0112285     0.011499    0.0122618    0.0135385    0.0155625    0.0192542    0.0249708    0.0331542      0.04406    0.0583953    0.0769187    0.0994797     0.125499     0.152957       0.1783     0.195775     0.197607     0.177527
   0.0167657    0.0165944    0.0163765    0.0161158    0.0158215    0.0155024    0.0151659    0.0148174    0.0144606     0.014098    0.0137314    0.0133627    0.0129946    0.0126311    0.0122786    0.0119462    0.0116474     0.011401    0.0112329    0.0111796    0.0112926     0.011645    0.0123336    0.0134968    0.0153201    0.0179986     0.021992    0.0274059    0.0350601    0.0453881    0.0592269    0.0781419     0.101229     0.129569      0.16351     0.201275     0.238879     0.268744     0.277308     0.247069
   0.0162678    0.0162045    0.0160443    0.0158015    0.0154945    0.0151393     0.014749    0.0143327    0.0138971    0.0134462    0.0129835    0.0125123    0.0120369    0.0115643    0.0111046     0.010673    0.0102915   0.00999012    0.0098097   0.00980542    0.0100509    0.0106431    0.0117095    0.0134209    0.0159909    0.0196966    0.0248997    0.0320202    0.0415621    0.0542719    0.0711584    0.0927561     0.121649     0.156318     0.200082     0.251495     0.308635     0.362118     0.391352      0.34322
   0.0158949     0.015916    0.0157939    0.0155502    0.0152128     0.014806    0.0143483    0.0138524    0.0133263    0.0127746    0.0122006    0.0116069    0.0109977    0.0103799   0.00976483   0.00916996   0.00862044   0.00815231     0.007815   0.00767536   0.00782245   0.00837276   0.00947778    0.0113325    0.0141864    0.0183553    0.0242352    0.0323202    0.0432352    0.0577868    0.0768036     0.101663     0.133986     0.174834     0.229267     0.295762     0.380222     0.476975      0.56579     0.488702
   0.0157015    0.0157758    0.0156645    0.0153917    0.0149992    0.0145211    0.0139815    0.0133952    0.0127704    0.0121106    0.0114168    0.0106896   0.00993057    0.0091445    0.0083408    0.0075356   0.00675392   0.00603263   0.00542389   0.00499905   0.00485368   0.00511437   0.00594601   0.00756101    0.0102301    0.0142953    0.0201861    0.0284422     0.039742    0.0549321    0.0750738     0.101623     0.136412     0.181744     0.241983     0.321198     0.433445     0.589305      0.84987      0.74749
  0.00784768    0.0158176    0.0156915    0.0153478    0.0148657     0.014292    0.0136548    0.0129693    0.0122412    0.0114707    0.0106549   0.00979013   0.00887376   0.00790618   0.00689265   0.00584538    0.0047857   0.00374722   0.00277935   0.00195167   0.00135918   0.00112919   0.00142925   0.00247664   0.00454939   0.00799887    0.0132664    0.0209053    0.0316163    0.0462725    0.0659387    0.0921576     0.126817     0.172273      0.23366     0.315688     0.435741     0.616414      1.36266      0.26185
