           0 -4.72582e-05 -5.44686e-05  -5.5916e-05 -5.65181e-05 -5.66863e-05 -5.65464e-05 -5.61321e-05 -5.54349e-05 -5.44289e-05 -5.30825e-05 -5.13647e-05 -4.92493e-05  -4.6718e-05  -4.3762e-05 -4.03837e-05 -3.65981e-05 -3.24941e-05  -2.7912e-05 -2.30555e-05 -1.79427e-05 -1.26247e-05 -7.16491e-06  -1.6291e-06  3.92543e-06  9.36854e-06  1.47059e-05  1.98315e-05  2.46809e-05  2.91704e-05  3.32044e-05  3.66669e-05  3.94187e-05  4.12894e-05  4.21195e-05  4.18315e-05  4.07292e-05  3.84158e-05  3.05605e-05            1
           0  4.72582e-05  5.44686e-05   5.5916e-05  5.65181e-05  5.66863e-05  5.65464e-05  5.61321e-05  5.54349e-05  5.44289e-05  5.30825e-05  5.13647e-05  4.92493e-05   4.6718e-05   4.3762e-05  4.03837e-05  3.65981e-05  3.24941e-05   2.7912e-05  2.30555e-05  1.79427e-05  1.26247e-05  7.16491e-06   1.6291e-06 -3.92543e-06 -9.36854e-06 -1.47059e-05 -1.98315e-05 -2.46809e-05 -2.91704e-05 -3.32044e-05 -3.66669e-05 -3.94187e-05 -4.12894e-05 -4.21195e-05 -4.18315e-05 -4.07292e-05 -3.84158e-05 -3.05605e-05            1
           0  0.000122689 -5.83705e-05 -0.000343853 -0.000657078 -0.000968657  -0.00126714  -0.00154791  -0.00180873  -0.00204798  -0.00226393  -0.00245458  -0.00261768  -0.00275092  -0.00285215  -0.00291971  -0.00295285  -0.00295192  -0.00292362  -0.00286898  -0.00279417  -0.00270824  -0.00262383  -0.00255938     -0.00254  -0.00259623  -0.00276538  -0.00310519  -0.00369024   -0.0046219  -0.00603729   -0.0081178    -0.011085   -0.0151574   -0.0203697   -0.0257897    -0.025626    0.0044573     0.175108            1
           0 -3.00441e-05 -0.000572954  -0.00133077  -0.00215998  -0.00299319  -0.00379871  -0.00456115  -0.00527193  -0.00592487  -0.00651425  -0.00703406    -0.007478  -0.00783974  -0.00811356  -0.00829507  -0.00838228  -0.00837542  -0.00829209  -0.00813466  -0.00791947  -0.00766994  -0.00741835  -0.00721083  -0.00710938  -0.00719405  -0.00754515  -0.00829916  -0.00961405   -0.0116895   -0.0147625   -0.0190809   -0.0248023    -0.031694   -0.0383826   -0.0397712   -0.0217732    0.0587602     0.320299            1
           0 -0.000469403  -0.00155296  -0.00292743  -0.00441101  -0.00590545  -0.00735795  -0.00873937   -0.0100318    -0.011222   -0.0122982   -0.0132487   -0.0140616   -0.0147252   -0.0152291   -0.0155651    -0.015729   -0.0157189   -0.0155676   -0.0152759   -0.0148717   -0.0143944   -0.0138975   -0.0134553    -0.013166   -0.0131662   -0.0135669   -0.0145706   -0.0163857   -0.0192494   -0.0233858   -0.0289115   -0.0355889   -0.0421726   -0.0450294   -0.0358287   0.00638133     0.128967     0.425119            1
           0  -0.00117818  -0.00297868    -0.005095  -0.00733562  -0.00958557   -0.0117762   -0.0138656   -0.0158259   -0.0176355   -0.0192753   -0.0207266   -0.0219708   -0.0229896   -0.0237666   -0.0242884   -0.0245474   -0.0245364   -0.0243068    -0.023853   -0.0232136   -0.0224422   -0.0216118   -0.0208196    -0.020196   -0.0199046   -0.0201175   -0.0210316   -0.0228794   -0.0258604   -0.0300853   -0.0353896   -0.0409466   -0.0443067   -0.0403439    -0.017702    0.0471373     0.197829     0.500973            1
           0   -0.0021177  -0.00479228   -0.0077582   -0.0108351   -0.0139051   -0.0168914   -0.0197432    -0.022424    -0.024904   -0.0271564   -0.0291547   -0.0308726   -0.0322842   -0.0333656   -0.0340968   -0.0344646   -0.0344531    -0.034134   -0.0334898    -0.032567     -0.03143   -0.0301666   -0.0288903   -0.0277514   -0.0269298   -0.0266274    -0.027036   -0.0283533   -0.0306881   -0.0339764   -0.0377223   -0.0404959   -0.0389629   -0.0266862   0.00938944    0.0923751     0.259794     0.557855            1
           0  -0.00324061   -0.0069196   -0.0108239   -0.0147976   -0.0187311   -0.0225475    -0.026192    -0.029622    -0.032801   -0.0356948    -0.038269   -0.0404887   -0.0423194   -0.0437282   -0.0446864   -0.0451731   -0.0451597   -0.0447384   -0.0438742   -0.0426177   -0.0410392   -0.0392355   -0.0373312   -0.0354827   -0.0338773    -0.032714   -0.0321775   -0.0324137   -0.0333824   -0.0348519   -0.0360884     -0.03498   -0.0276965  -0.00672745    0.0412039     0.137823     0.314224      0.60216            1
           0  -0.00449914  -0.00928256   -0.0141929   -0.0191066   -0.0239305   -0.0285947    -0.033045   -0.0372364   -0.0411275   -0.0446777    -0.047845   -0.0505854   -0.0528544   -0.0546085   -0.0558085   -0.0564225   -0.0564057   -0.0558694   -0.0547558    -0.053115   -0.0510184   -0.0485659   -0.0458865   -0.0431363   -0.0404982   -0.0381596   -0.0362742   -0.0349132   -0.0339448   -0.0330205   -0.0309766   -0.0254407   -0.0120293    0.0171264    0.0750496      0.18151     0.361918     0.637867            1
           0  -0.00584916   -0.0118057   -0.0177673   -0.0236467   -0.0293732   -0.0348893   -0.0401461   -0.0450992    -0.049705    -0.053918   -0.0576886   -0.0609633   -0.0636865   -0.0658025   -0.0672588   -0.0680098   -0.0679905    -0.067329   -0.0659391   -0.0638668   -0.0611798   -0.0579754   -0.0543808   -0.0505496    -0.046652   -0.0428578   -0.0392898   -0.0359494   -0.0326225   -0.0288024   -0.0230806   -0.0128411   0.00660082    0.0431656     0.109308     0.222673     0.403933     0.667482            1
           0   -0.0072512   -0.0144188   -0.0214534   -0.0283062   -0.0349324   -0.0412916    -0.047345    -0.053053    -0.058371   -0.0632486    -0.067629   -0.0714494   -0.0746418   -0.0771362   -0.0788645   -0.0797652   -0.0797491    -0.078958   -0.0772723   -0.0747311   -0.0713938   -0.0673508    -0.062723   -0.0576554   -0.0523073   -0.0468273   -0.0412985   -0.0356356   -0.0296949    -0.022664   -0.0130532   0.00192917    0.0270915    0.0702297      0.14304     0.261116     0.441232     0.692627            1
           0  -0.00867023   -0.0170578   -0.0251647   -0.0329816   -0.0404929   -0.0476782   -0.0545115   -0.0609595   -0.0669798     -0.07252   -0.0775165    -0.081896    -0.085577   -0.0884731   -0.0904975   -0.0915691    -0.091572   -0.0906518   -0.0886551   -0.0856103   -0.0815654   -0.0766016   -0.0708326   -0.0643965   -0.0574394   -0.0500885    -0.042406   -0.0342579   -0.0254426   -0.0150536  -0.00148808    0.0181321    0.0486258    0.0975394     0.175721     0.296887     0.474607     0.714376            1
           0   -0.0100737   -0.0196618   -0.0288166   -0.0375693   -0.0459354   -0.0539174   -0.0615048   -0.0686735    -0.075385   -0.0815852   -0.0872043    -0.092158   -0.0963499    -0.099675    -0.102025    -0.103295    -0.103348    -0.102308    -0.100001   -0.0964372     -0.09165   -0.0857092   -0.0787194   -0.0708107   -0.0621198   -0.0527597   -0.0427723    -0.032035   -0.0202075  -0.00638436    0.0111093    0.0351873    0.0706022     0.124568     0.207069     0.330128     0.504681      0.73346            1
           0   -0.0114307   -0.0221722   -0.0323274    -0.041969   -0.0511453   -0.0598837   -0.0681916   -0.0760563   -0.0834443    -0.090301   -0.0965504    -0.102097    -0.106828    -0.110617    -0.113332     -0.11484    -0.114985    -0.113849    -0.111249    -0.107169    -0.101625   -0.0946723   -0.0864081   -0.0769554   -0.0664457   -0.0549842   -0.0425931    -0.029185   -0.0142935   0.00296971    0.0243093     0.052634    0.0925733     0.150957     0.236931     0.361002     0.531928     0.750383            1
           0   -0.0127106   -0.0245319   -0.0356177    -0.046083   -0.0560105   -0.0654541    -0.074441   -0.0829712   -0.0910179   -0.0985266    -0.105415    -0.111577     -0.11688    -0.121177    -0.124307    -0.126106    -0.126401    -0.125209    -0.122352    -0.117779    -0.111485    -0.103511   -0.0939465   -0.0829095   -0.0705303   -0.0569137   -0.0420835   -0.0259307  -0.00798054     0.012679    0.0377516    0.0701021     0.114194     0.176454     0.265222     0.389656     0.556705     0.765501            1
           0   -0.0138835   -0.0266848   -0.0386096   -0.0498158   -0.0604215   -0.0705084   -0.0801243   -0.0892838   -0.0979676    -0.106122     -0.11366    -0.120461    -0.126376    -0.131231    -0.134837    -0.136996    -0.137509    -0.136322    -0.133266    -0.128247    -0.121235    -0.112259    -0.101397   -0.0887665   -0.0745004     -0.05871   -0.0414281    -0.022517  -0.00153485    0.0224517     0.051127     0.087282     0.135191     0.200867     0.291888     0.416209     0.579274     0.779059            1
           0    -0.014919   -0.0285755    -0.041227   -0.0530747   -0.0642722   -0.0749296   -0.0851166   -0.0948626    -0.104157    -0.112949    -0.121144     -0.12861    -0.135179     -0.14065    -0.144803    -0.147403    -0.148218    -0.147117    -0.143945    -0.138552    -0.130884    -0.120952    -0.108827   -0.0946265   -0.0784885   -0.0605356   -0.0408165   -0.0191771   0.00478936    0.0320188    0.0641592     0.103908     0.155333     0.224038     0.316878      0.44074     0.599818     0.791225            1
           0   -0.0157872     -0.03015   -0.0433968   -0.0557712   -0.0674617   -0.0786068    -0.089298   -0.0995804    -0.109453    -0.118868    -0.127726    -0.135882    -0.143148    -0.149297    -0.154074    -0.157207    -0.158425    -0.157513    -0.154332    -0.148666    -0.140433    -0.129625    -0.116305    -0.100591   -0.0826292   -0.0625551   -0.0404368   -0.0161372    0.0107495    0.0411273    0.0765932      0.11974     0.174415     0.245817      0.34013     0.463292     0.618453      0.80211            1
           0   -0.0164591   -0.0313571   -0.0450505   -0.0578232   -0.0698967   -0.0814369   -0.0925569    -0.103317    -0.113728    -0.123744    -0.133264    -0.142128    -0.150133    -0.157021    -0.162505    -0.166271    -0.168006     -0.16741    -0.164354    -0.158542    -0.149867      -0.1383    -0.123891    -0.106757   -0.0870549   -0.0649353     -0.04047   -0.0136212    0.0161135    0.0495337    0.0881846     0.134544     0.192234     0.266054     0.361565     0.483865     0.635241     0.811775            1
           0   -0.0169077   -0.0321501   -0.0461271   -0.0591585   -0.0714956   -0.0833289   -0.0947926    -0.105962     -0.11686    -0.127447    -0.137615    -0.147198    -0.155976    -0.163663    -0.169935    -0.174439    -0.176814    -0.176687    -0.173907    -0.168108    -0.159154    -0.146984     -0.13163    -0.113209   -0.0918868   -0.0678304   -0.0411459   -0.0118069     0.020655    0.0569941    0.0986887     0.148089     0.208585     0.284588      0.38108      0.50242     0.650193     0.820241            1
           0    -0.017109   -0.0324893   -0.0465761   -0.0597182   -0.0721918   -0.0842078   -0.0959173    -0.107421    -0.118745    -0.129852    -0.140642    -0.150939    -0.160514    -0.169046    -0.176186    -0.181531    -0.184673    -0.185198    -0.182851    -0.177261    -0.168229    -0.155654    -0.139547    -0.120018     -0.09724    -0.071398   -0.0426247   -0.0109081    0.0241411    0.0632643     0.107859     0.160134     0.223246     0.301233     0.398539     0.518879     0.663275     0.827499            1
           0   -0.0170441   -0.0323454   -0.0463603   -0.0594577   -0.0719327   -0.0840164   -0.0958778    -0.107621    -0.119288    -0.130849    -0.142202    -0.153206    -0.163578    -0.172984    -0.181058    -0.187342    -0.191387    -0.192732    -0.191017     -0.18586    -0.176989    -0.164255    -0.147635    -0.127228    -0.103206    -0.075771    -0.045079    -0.011133    0.0263307    0.0681016     0.115442     0.170426     0.235978     0.315776     0.413772      0.53312     0.674415     0.833509            1
           0   -0.0167053   -0.0317054   -0.0454643     -0.05836   -0.0706987   -0.0827227   -0.0946133    -0.106488    -0.118403    -0.130343    -0.142227     -0.15386    -0.164985    -0.175285    -0.184339    -0.191645    -0.196724    -0.199045     -0.19819    -0.193713    -0.185278    -0.172678    -0.155844    -0.134842    -0.109845   -0.0810623   -0.0486721   -0.0127147    0.0270301    0.0712484     0.121165     0.178691     0.246514     0.327973     0.426569      0.54498     0.683498     0.838209            1
           0   -0.0160927   -0.0305722   -0.0438937   -0.0564318   -0.0684938    -0.080327   -0.0921206    -0.104005    -0.116051    -0.128257    -0.140549    -0.152751    -0.164613    -0.175782    -0.185799    -0.194193    -0.200419    -0.203863    -0.204096     -0.20057    -0.192883    -0.180757    -0.164062    -0.142819     -0.11718   -0.0873566   -0.0535472    -0.015826    0.0259807    0.0724536     0.124748     0.184633     0.254557     0.337539     0.436677     0.554249     0.690365     0.841505            1
           0   -0.0152164   -0.0289659    -0.041677   -0.0537071   -0.0653543   -0.0768633   -0.0884271    -0.100186    -0.112224    -0.124556    -0.137122    -0.149771    -0.162258    -0.174231     -0.18524    -0.194762    -0.202168      -0.2069    -0.208398    -0.206114    -0.199513    -0.188245    -0.172105    -0.151045    -0.125172   -0.0946914   -0.0598135   -0.0206406    0.0229525    0.0714522     0.125891     0.187926     0.259769     0.344149     0.443796     0.560673     0.694818     0.843277            1
           0   -0.0140975   -0.0269254   -0.0388671   -0.0502487   -0.0613484   -0.0724005   -0.0835966   -0.0950837    -0.106957     -0.11925    -0.131925    -0.144855    -0.157816    -0.170472    -0.182383    -0.193009     -0.20172    -0.207846    -0.210717    -0.209971    -0.204795    -0.194803    -0.179686    -0.159305    -0.133697    -0.103037   -0.0675308   -0.0273031    0.0177257    0.0679625     0.124306     0.188196     0.261783     0.347421     0.447559     0.563945     0.696651     0.843348            1
           0    -0.012768   -0.0245084   -0.0355414   -0.0461483   -0.0565768   -0.0670431   -0.0777322   -0.0887936    -0.100333    -0.112403    -0.124989    -0.137996    -0.151231    -0.164388    -0.177049    -0.188683    -0.198658    -0.206272    -0.210785    -0.211671    -0.208265    -0.199981    -0.186403    -0.167266    -0.142519    -0.112261   -0.0766766   -0.0358993    0.0101101    0.0616816     0.119596     0.185166       0.2602     0.346889     0.447463     0.563584     0.695528     0.841735            1
           0   -0.0112708   -0.0217905   -0.0318006    -0.041525   -0.0511713   -0.0609311   -0.0709769   -0.0814569   -0.0924855    -0.104132    -0.116409    -0.129254    -0.142516    -0.155932     -0.16912    -0.181583    -0.192704    -0.201776    -0.208032    -0.210765    -0.209428    -0.203221    -0.191706    -0.174442    -0.151236    -0.122089   -0.0871109   -0.0464256 -2.08419e-05    0.0523681     0.111401     0.178229      0.25446     0.342109     0.443211     0.559345     0.691115     0.838022            1
           0  -0.00965798   -0.0188631   -0.0277655    -0.036522   -0.0452925   -0.0542371   -0.0635119   -0.0732593   -0.0835996   -0.0946183    -0.106352    -0.118773    -0.131773    -0.145148    -0.158571    -0.171594     -0.18364    -0.194026    -0.201984    -0.206712    -0.207642     -0.20391    -0.194875    -0.180161    -0.159252    -0.132036   -0.0985064   -0.0587275   -0.0126882    0.0398373    0.0993908     0.166981     0.244061     0.332463     0.434101     0.550604     0.683005     0.831984            1
           0  -0.00798946   -0.0158303   -0.0235733   -0.0313014   -0.0391224   -0.0471614   -0.0555523   -0.0644283   -0.0739117   -0.0841031   -0.0950616    -0.106782    -0.119211    -0.132204    -0.145504     -0.15873    -0.171367    -0.182789    -0.192267    -0.199001    -0.202192    -0.201277    -0.195182    -0.183479    -0.165717    -0.141356    -0.110271   -0.0724106   -0.0277155    0.0240329    0.0833001     0.150981     0.228397     0.317244     0.419397     0.536654      0.67062     0.823311            1
           0   -0.0063274   -0.0128001   -0.0193663   -0.0260338   -0.0328565   -0.0399224   -0.0473416    -0.055235   -0.0637207   -0.0728981   -0.0828408   -0.0935974    -0.105147      -0.1174    -0.130192    -0.143176    -0.155963    -0.168011    -0.178658    -0.187132    -0.192598    -0.194402    -0.191704    -0.183491    -0.169424    -0.148944    -0.121447   -0.0867235   -0.0446144   0.00514599    0.0630258     0.129839     0.206832     0.295645     0.398202     0.516606     0.653205      0.81155            1
           0  -0.00473872  -0.00988786   -0.0152961   -0.0208989   -0.0266979   -0.0327441   -0.0391222   -0.0459368   -0.0532992   -0.0613175   -0.0700847   -0.0796619   -0.0900645    -0.101242    -0.113043    -0.125313    -0.137734    -0.149882    -0.161191    -0.170923    -0.178368    -0.182684    -0.183309      -0.1791     -0.16918    -0.153269    -0.130575    -0.100403   -0.0624043   -0.0161897    0.0387987     0.103373     0.178798     0.266771     0.369413     0.489292      0.62972     0.796036            1
           0  -0.00328851  -0.00720519   -0.0115097   -0.0160733   -0.0208515   -0.0258614   -0.0311629   -0.0368435   -0.0430051   -0.0497531   -0.0571847   -0.0653744   -0.0743645   -0.0841538   -0.0946949    -0.105858    -0.117417    -0.129015    -0.140194    -0.150508    -0.159309    -0.165883    -0.169222    -0.168937    -0.163693    -0.152741    -0.135679     -0.11148   -0.0793428   -0.0386082    0.0114837    0.0718803     0.143991     0.229749       0.3317     0.453127     0.598645     0.775741            1
           0  -0.00203624  -0.00485368  -0.00814105   -0.0117196   -0.0155086   -0.0194974   -0.0237239    -0.028258    -0.033188     -0.03861   -0.0446178   -0.0512927   -0.0586957   -0.0668595   -0.0757793    -0.085387   -0.0955495    -0.106058    -0.116629    -0.126842    -0.136141     -0.14382    -0.149402    -0.152157    -0.151435    -0.145802    -0.134639    -0.117353   -0.0927143   -0.0596163   -0.0169354    0.0366555     0.102841     0.184042       0.2836     0.405982     0.557651     0.748956            1
           0  -0.00103132  -0.00291718  -0.00530128  -0.00797475   -0.0108342   -0.0138501   -0.0170424   -0.0204641   -0.0241874   -0.0282942   -0.0328683   -0.0379876   -0.0437191   -0.0501118   -0.0571888   -0.0649346   -0.0732897   -0.0821427   -0.0913187    -0.100535    -0.109443    -0.117641    -0.124548    -0.129502    -0.131729    -0.130725    -0.125618    -0.115345   -0.0990218   -0.0753248   -0.0427318    0.0007474    0.0573925     0.130248     0.224006     0.345175     0.503129     0.712652            1
           0 -0.000308286  -0.00145344  -0.00306818  -0.00493813  -0.00695411  -0.00907774    -0.011317   -0.0137093   -0.0163097   -0.0191826   -0.0223958   -0.0260156   -0.0301028   -0.0347086    -0.039869   -0.0455992   -0.0518881   -0.0586916   -0.0659221   -0.0734339   -0.0810268   -0.0884431   -0.0953234    -0.101221    -0.105663    -0.107968    -0.107738    -0.103537   -0.0949176   -0.0809765   -0.0602868   -0.0301133    0.0126743    0.0717323     0.153671     0.268117     0.429698      0.66116            1
           0  0.000119198 -0.000484777  -0.00147547  -0.00266087  -0.00394386    -0.005288  -0.00669471  -0.00818849   -0.0098073   -0.0115964   -0.0136044   -0.0158795   -0.0184683    -0.021413   -0.0247486   -0.0285005   -0.0326807   -0.0372843   -0.0422831   -0.0476194   -0.0532036   -0.0589064   -0.0645406   -0.0698789    -0.074648    -0.078445   -0.0808948   -0.0814773   -0.0794028   -0.0739301   -0.0635705   -0.0475331   -0.0221168      0.01711    0.0784647     0.175157     0.330666     0.583618            1
           0  0.000267025  1.31486e-05 -0.000501759   -0.0011357  -0.00181974  -0.00252831  -0.00326103  -0.00403196  -0.00486321  -0.00578111  -0.00681393   -0.0079905   -0.0093391   -0.0108867   -0.0126576   -0.0146724    -0.016947   -0.0194904   -0.0223027   -0.0253716   -0.0286712   -0.0321568   -0.0357609   -0.0393938   -0.0429402    -0.046251    -0.049168   -0.0514474   -0.0526703   -0.0526989    -0.050572   -0.0453288   -0.0358919   -0.0186887    0.0143863    0.0770973      0.20304     0.460194            1
           0  0.000193606  0.000125394 -5.94235e-05 -0.000289965  -0.00053496 -0.000783753  -0.00103647  -0.00129893  -0.00157989  -0.00188958  -0.00223893   -0.0026391   -0.0031012  -0.00363605  -0.00425392  -0.00496444  -0.00577615  -0.00669619   -0.0077293  -0.00887701   -0.0101375   -0.0115041   -0.0129641   -0.0144987   -0.0160835   -0.0176881   -0.0192766   -0.0207917   -0.0221649   -0.0233871   -0.0242338   -0.0245677   -0.0242407   -0.0212951   -0.0140741   0.00594293    0.0673996     0.262529            1
           0  2.11689e-05  1.93047e-05  1.82987e-05  1.79575e-05  1.80269e-05   1.8393e-05  1.89817e-05  1.97405e-05  2.06293e-05  2.16136e-05  2.26599e-05  2.37321e-05   2.4789e-05  2.57844e-05  2.66681e-05  2.73863e-05  2.78851e-05  2.81126e-05  2.80271e-05  2.75917e-05  2.67882e-05  2.56195e-05  2.41134e-05  2.23247e-05  2.03415e-05  1.82839e-05  1.62929e-05   1.4523e-05  1.32156e-05  1.23387e-05   1.2203e-05   1.2597e-05  1.39976e-05  1.51009e-05  1.72507e-05  1.78176e-05  1.85364e-05  1.45815e-05            1
           0 -2.11689e-05 -1.93047e-05 -1.82987e-05 -1.79575e-05 -1.80269e-05  -1.8393e-05 -1.89817e-05 -1.97405e-05 -2.06293e-05 -2.16136e-05 -2.26599e-05 -2.37321e-05  -2.4789e-05 -2.57844e-05 -2.66681e-05 -2.73863e-05 -2.78851e-05 -2.81126e-05 -2.80271e-05 -2.75917e-05 -2.67882e-05 -2.56195e-05 -2.41134e-05 -2.23247e-05 -2.03415e-05 -1.82839e-05 -1.62929e-05  -1.4523e-05 -1.32156e-05 -1.23387e-05  -1.2203e-05  -1.2597e-05 -1.39976e-05 -1.51009e-05 -1.72507e-05 -1.78176e-05 -1.85364e-05 -1.45815e-05            1
