          -0            0            0            0            0            0            0            0            0            0            0            0            0            0            0            0            0            0            0            0            0            0            0            0            0            0            0            0            0            0            0            0            0            0            0            0            0            0            0            0           -0
-3.56205e-05  3.56205e-05  3.77048e-05  0.000232431  0.000716727   0.00151578   0.00262661   0.00403521   0.00572309   0.00766956   0.00985227    0.0122471    0.0148278    0.0175659    0.0204306    0.0233888    0.0264059    0.0294465    0.0324758    0.0354654    0.0383883    0.0412238    0.0439603    0.0465991    0.0491599     0.051688    0.0542592    0.0569868     0.060042    0.0636709    0.0682211    0.0741775    0.0822068    0.0931975     0.108257     0.128528      0.15422     0.179752     0.175204  1.65139e-05 -1.65139e-05
-2.82167e-05  2.82167e-05  0.000267396  0.000866652   0.00193839   0.00352615   0.00563515   0.00825036     0.011346    0.0148898    0.0188452    0.0231714    0.0278237    0.0327531    0.0379069    0.0432286    0.0486589    0.0541377    0.0596044    0.0650094    0.0703048    0.0754525    0.0804292    0.0852312    0.0898826    0.0944444    0.0990274     0.103785     0.108951      0.11484     0.121868     0.130548     0.141463     0.155129     0.171614     0.189574     0.203504       0.1996     0.145247  1.13964e-05 -1.13964e-05
-2.13918e-05  2.13918e-05  0.000547468   0.00161314   0.00329489   0.00563041   0.00862633    0.0122681    0.0165273    0.0213663    0.0267403    0.0325983    0.0388837    0.0455344    0.0524829    0.0596567    0.0669797    0.0743739    0.0817588    0.0890693    0.0962387     0.103212     0.109951     0.116437     0.122681      0.12873     0.134687     0.140688     0.146932      0.15367     0.161192     0.169773     0.179557     0.190296     0.200725     0.207322     0.203329     0.175126     0.104871   8.9905e-06  -8.9905e-06
 -2.1897e-05   2.1897e-05  0.000817613   0.00232909   0.00458141   0.00758976    0.0113524    0.0158518    0.0210574    0.0269288    0.0334172    0.0404664    0.0480132    0.0559875    0.0643129    0.0729066    0.0816811    0.0905451    0.0994024     0.108175     0.116779     0.125141     0.133202     0.140922     0.148286     0.155308     0.162032     0.168562     0.174996     0.181458     0.188032     0.194691     0.201125     0.206436     0.208523     0.203789     0.185613     0.144809    0.0759024  8.98479e-06 -8.98479e-06
-2.21022e-05  2.21022e-05   0.00104831   0.00294713   0.00569425   0.00927631    0.0136769    0.0188716    0.0248269    0.0315004    0.0388418    0.0467928    0.0552876    0.0642524    0.0736057    0.0832589    0.0931165     0.103077     0.113032     0.122891     0.132553     0.141925     0.150925     0.159485     0.167555     0.175102     0.182113     0.188603     0.194581     0.200023     0.204815     0.208666     0.210956      0.21046      0.20507     0.191364     0.164224     0.118939    0.0569296  8.79221e-06 -8.79221e-06
 -2.1765e-05   2.1765e-05   0.00123034   0.00344174   0.00658998    0.0106335    0.0155389    0.0212726    0.0277969    0.0350682    0.0430359     0.051642    0.0608207    0.0704975    0.0805892    0.0910038     0.101641     0.112391     0.123133     0.133768     0.144176     0.154245     0.163865     0.172938     0.181377       0.1891     0.196033     0.202099     0.207215     0.211244     0.213904      0.21474     0.213064     0.207503      0.19619     0.176183      0.14432    0.0988252    0.0443517  8.76848e-06 -8.76848e-06
-2.13306e-05  2.13306e-05   0.00136394   0.00380933   0.00725918    0.0116474    0.0169242    0.0230467     0.029973    0.0376583     0.046053    0.0551012    0.0647392    0.0748941    0.0854833    0.0964133      0.10758     0.118869      0.13015     0.141309     0.152213     0.162726     0.172715     0.182049     0.190602     0.198247     0.204853     0.210278     0.214349     0.216817     0.217345     0.215475     0.210321     0.200736     0.185022     0.161119     0.127225    0.0834914    0.0357545  8.87265e-06 -8.87265e-06
-2.08007e-05  2.08007e-05   0.00145284   0.00405635   0.00770947    0.0123265    0.0178443    0.0242119    0.0313838     0.039315    0.0479583    0.0572613    0.0671644    0.0775981     0.088482    0.0997233     0.111216     0.122841     0.134458     0.145944     0.157148     0.167915     0.178085     0.187497     0.195988     0.203391      0.20953     0.214208     0.217197     0.218203     0.216846     0.212589      0.20465     0.192005     0.173327     0.147239     0.112932     0.071722    0.0296632  9.03151e-06 -9.03151e-06
-2.01679e-05  2.01679e-05   0.00150177   0.00419284   0.00795526    0.0126892    0.0183209    0.0247937    0.0320608    0.0400803    0.0488092    0.0581998     0.068197    0.0787362    0.0897405     0.101119     0.112765     0.124556     0.136344     0.147998      0.15935     0.170227     0.180449     0.189826     0.198164      0.20526     0.210899     0.214848     0.216831     0.216487     0.213524     0.207346     0.197276     0.182459      0.16192     0.134807     0.101026     0.062536    0.0251931  9.20246e-06 -9.20246e-06
-1.94675e-05  1.94675e-05   0.00151531   0.00422952   0.00801435    0.0127615    0.0183918    0.0248462    0.0320781    0.0400476    0.0487167    0.0580454    0.0679868    0.0784839    0.0894656     0.100845     0.112515     0.124352     0.136203     0.147919     0.159319      0.17021     0.180387     0.189639     0.197743     0.204473     0.209589     0.212829     0.213911     0.212502     0.208215     0.200565     0.188956     0.172707     0.151124     0.123765    0.0910352    0.0552168    0.0217979  9.34257e-06 -9.34257e-06
-1.86882e-05  1.86882e-05   0.00149596   0.00417212   0.00789455     0.012551    0.0180604    0.0243644    0.0314202    0.0391944    0.0476569    0.0567765    0.0665154    0.0768249    0.0876415     0.098883     0.110446     0.122202     0.134003     0.145679      0.15704     0.167877     0.177966     0.187073     0.194954     0.201357     0.206021     0.208671      0.20901     0.206757     0.201486     0.192778     0.180137     0.163035     0.141011     0.113933    0.0825374    0.0492496    0.0191327  9.43454e-06 -9.43454e-06
 -1.7856e-05   1.7856e-05   0.00144524   0.00402457   0.00760281    0.0120682    0.0173419      0.02337    0.0301164    0.0375562    0.0456698    0.0544369    0.0638312    0.0738147    0.0843332    0.0953119     0.106651     0.118224     0.129885     0.141444     0.152706     0.163446     0.173424     0.182385     0.190067       0.1962     0.200509     0.202712     0.202506     0.199625     0.193676     0.184282      0.17104     0.153547     0.131529     0.105092    0.0751823    0.0442628    0.0169727  9.43822e-06 -9.43822e-06
-1.69753e-05  1.69753e-05   0.00136392    0.0037892   0.00714358    0.0113201    0.0162459    0.0218749    0.0281806    0.0351494    0.0427743    0.0510482    0.0599583    0.0694797    0.0795699    0.0901636     0.101168      0.11246     0.123896     0.135272     0.146386     0.157002     0.166864       0.1757      0.18323     0.189172     0.193239     0.195147     0.194612     0.191327     0.184979     0.175231     0.161746     0.144233     0.122567    0.0970227    0.0686845    0.0399854    0.0151657  9.36756e-06 -9.36756e-06
-1.60524e-05  1.60524e-05   0.00125221   0.00346709   0.00651956    0.0103114    0.0147797    0.0198891    0.0256256    0.0319889    0.0389867    0.0466276    0.0549142     0.063837    0.0733674    0.0834524    0.0940093     0.104921     0.116048     0.127174     0.138098      0.14857     0.158321     0.167065     0.174506      0.18035     0.184303     0.186078     0.185397     0.181953     0.175473     0.165663     0.152247     0.135023     0.113981    0.0895221     0.062811    0.0362148    0.0136049  9.19666e-06 -9.19666e-06
-1.50929e-05  1.50929e-05   0.00111012   0.00305905    0.0057334   0.00904773    0.0129522    0.0174253    0.0224673    0.0280935    0.0343279    0.0411964    0.0487192    0.0569041     0.065739    0.0751862    0.0851757    0.0956027     0.106327     0.117134      0.12782     0.138129     0.147777     0.156464     0.163886     0.169732     0.173703     0.175508     0.174871     0.171502     0.165144     0.155541      0.14247     0.125802     0.105616    0.0824014    0.0573684    0.0327952    0.0122124  8.92462e-06 -8.92462e-06
 -1.4101e-05   1.4101e-05  0.000937913    0.0025668   0.00478972   0.00753789    0.0107775     0.014503    0.0187307    0.0234926    0.0288302     0.034788    0.0414055    0.0487092    0.0567068    0.0653782    0.0746701    0.0844912    0.0947109     0.105116     0.115508     0.125623     0.135169     0.143835     0.151303     0.157254     0.161378     0.163377     0.162973     0.159905     0.153913      0.14477     0.132299     0.116428    0.0973061    0.0754864    0.0521929    0.0296013    0.0109285  8.55233e-06 -8.55233e-06
 -1.3081e-05   1.3081e-05  0.000736548   0.00199402   0.00369701   0.00579695   0.00827848    0.0111534     0.014455    0.0182321    0.0225445     0.027456    0.0330257     0.039301    0.0463114     0.054058    0.0625075    0.0715859    0.0811777    0.0910818     0.101106     0.110981     0.120412      0.12908     0.136655     0.142807     0.147216     0.149576     0.149586     0.147044      0.14165     0.133212     0.121586     0.106745    0.0888876    0.0686116    0.0471394    0.0265294   0.00970602  8.08312e-06 -8.08312e-06
-1.20396e-05  1.20396e-05  0.000507981    0.0013473   0.00246922   0.00384857   0.00549006   0.00742304   0.00969779      0.01238    0.0155472    0.0192813    0.0236618    0.0287574    0.0346231    0.0412832    0.0487286    0.0569076    0.0657235    0.0750045    0.0845589    0.0941228     0.103404     0.112079     0.119807     0.126246     0.131061     0.133938     0.134592     0.132753     0.128184     0.120694     0.110158    0.0965803    0.0801952    0.0616261    0.0420763    0.0234879   0.00850449   7.5194e-06  -7.5194e-06
-1.09666e-05  1.09666e-05  0.000255354  0.000636712   0.00112691    0.0017267   0.00246164   0.00337778   0.00453797   0.00603002   0.00794547    0.0103794    0.0134309    0.0171943    0.0217511    0.0271496    0.0334115    0.0405112    0.0483744    0.0568868     0.065829    0.0749776     0.084046    0.0927075     0.100613     0.107409     0.112746     0.116296     0.117755     0.116834     0.113323     0.107026    0.0978275    0.0857525    0.0710602    0.0543839    0.0368931    0.0204038   0.00729219  6.88674e-06 -6.88674e-06
-9.88851e-06  9.88851e-06 -1.61178e-05 -0.000122142  -0.00030095 -0.000525466 -0.000749769 -0.000908036 -0.000916024 -0.000686239  -0.00011617  0.000905735   0.00248829    0.0047742   0.00785308    0.0118033    0.0166841    0.0225005    0.0292165    0.0367493    0.0449115    0.0535037    0.0622544    0.0708446    0.0789211    0.0861168    0.0920677    0.0964244    0.0988606    0.0990654    0.0968543    0.0919937    0.0843859    0.0740673     0.061308    0.0467373    0.0314767    0.0172082   0.00604206  6.18535e-06 -6.18535e-06
-8.78017e-06  8.78017e-06 -0.000295635 -0.000902053   -0.0017653  -0.00283119  -0.00403467  -0.00529913  -0.00653616  -0.00764352  -0.00850504   -0.0089901  -0.00894746  -0.00827827  -0.00685851  -0.00454895  -0.00126215   0.00304329   0.00837929    0.0146883    0.0218554    0.0296998    0.0379792    0.0463912    0.0545879    0.0621896    0.0688152    0.0740916    0.0776687     0.079233    0.0785151    0.0753484    0.0696035    0.0613158    0.0507561    0.0385359    0.0257154    0.0138321    0.0047267  5.43463e-06 -5.43463e-06
-7.66485e-06  7.66485e-06  -0.00057493  -0.00167896  -0.00322113   -0.0051218  -0.00730019  -0.00967082     -0.01214   -0.0146012   -0.0169339    -0.019003   -0.0206666   -0.0217641   -0.0221283   -0.0216264   -0.0201643   -0.0176172   -0.0139256   -0.0091138  -0.00321662   0.00363026    0.0112241    0.0192903    0.0274956    0.0354596    0.0427813    0.0490622    0.0539234      0.05702    0.0580539    0.0568326    0.0532331    0.0472726    0.0392109    0.0296243    0.0194961    0.0102068   0.00331962  4.67946e-06 -4.67946e-06
-6.53663e-06  6.53663e-06 -0.000844171  -0.00242567  -0.00461828  -0.00731975    -0.010437   -0.0138798   -0.0175538   -0.0213554   -0.0251669   -0.0288553   -0.0322715   -0.0352439   -0.0375942   -0.0391429   -0.0397032   -0.0391382    -0.037396   -0.0343678    -0.030076   -0.0245435   -0.0179268   -0.0104517  -0.00242256      0.00579    0.0137692    0.0210921    0.0273467    0.0321494    0.0351653    0.0361539    0.0349974    0.0316901    0.0264625     0.019837    0.0127017   0.00626139   0.00179235  4.01207e-06 -4.01207e-06
-5.40053e-06  5.40053e-06  -0.00109249  -0.00311266   -0.0059028  -0.00934222   -0.0133301   -0.0177762   -0.0225913   -0.0276803   -0.0329355   -0.0382314   -0.0434217   -0.0483332   -0.0527734   -0.0565338    -0.059395   -0.0611546   -0.0616116   -0.0606772   -0.0583717   -0.0545292   -0.0492615   -0.0427179   -0.0351502   -0.0269029   -0.0183892   -0.0100546  -0.00234701   0.00430615   0.00952381    0.0130043    0.0145795    0.0142994    0.0122744   0.00899064   0.00521481   0.00193078  8.59192e-05  2.75635e-06 -2.75635e-06
 -4.2614e-06   4.2614e-06  -0.00130869   -0.0037098  -0.00702005   -0.0111057   -0.0158636   -0.0212083   -0.0270615   -0.0333419   -0.0399579   -0.0467996   -0.0537324   -0.0605911   -0.0671777   -0.0732663   -0.0786079   -0.0829443   -0.0860189   -0.0876066   -0.0875541   -0.0858693   -0.0824151   -0.0772522     -0.07055   -0.0626013     -0.05379    -0.044575    -0.035437   -0.0268476   -0.0192383   -0.0129634  -0.00826042  -0.00523861  -0.00366484  -0.00314382  -0.00305856  -0.00270942  -0.00159854   2.8819e-06  -2.8819e-06
-3.12402e-06  3.12402e-06  -0.00148208  -0.00418845  -0.00791819   -0.0125311   -0.0179269   -0.0240304   -0.0307784   -0.0381094   -0.0459529   -0.0542215   -0.0628016   -0.0715462   -0.0802666   -0.0887309   -0.0966699    -0.103782     -0.10975    -0.114263    -0.117032    -0.117956     -0.11681    -0.113587    -0.108298    -0.101135   -0.0924287   -0.0826098   -0.0721821   -0.0616607   -0.0515336   -0.0422234   -0.0340322    -0.027099   -0.0213637   -0.0165883   -0.0123422   -0.0081097   -0.0037035  2.02635e-06 -2.02635e-06
-1.99088e-06  1.99088e-06   -0.0016032  -0.00452345  -0.00855182   -0.0135487   -0.0194221   -0.0261115   -0.0335733    -0.041769   -0.0506547   -0.0601703   -0.0702311   -0.0807182   -0.0914695    -0.102263    -0.112826     -0.12283    -0.131911    -0.139679    -0.145746     -0.14982    -0.151624    -0.150953      -0.1478    -0.142095    -0.134091    -0.124152    -0.112763    -0.100465   -0.0877996   -0.0752703   -0.0632609   -0.0520138   -0.0416176   -0.0319753   -0.0228702    -0.014134   -0.0060305  1.15357e-06 -1.15357e-06
 -8.8317e-07   8.8317e-07  -0.00166442  -0.00469432  -0.00888394   -0.0141024   -0.0202712   -0.0273464   -0.0353067   -0.0441397   -0.0538311   -0.0643515   -0.0756489   -0.0876495    -0.100223    -0.113181    -0.126264    -0.139145    -0.151438    -0.162696    -0.172435    -0.180167    -0.185638     -0.18829    -0.188001    -0.184698    -0.178245    -0.168933    -0.157175    -0.143495    -0.128469    -0.112665   -0.0965743   -0.0805748   -0.0649115    -0.049695   -0.0349941   -0.0210483   -0.0086673  1.12115e-06 -1.12115e-06
 2.12757e-07 -2.12757e-07  -0.00166334  -0.00469487  -0.00890342    -0.014173   -0.0204415   -0.0276839    -0.035899   -0.0450979   -0.0552961   -0.0665102   -0.0787416   -0.0919385    -0.106018    -0.120838    -0.136168    -0.151744     -0.16717    -0.181972    -0.195604    -0.207497    -0.217114    -0.224011    -0.227509    -0.227513     -0.22382    -0.216241    -0.205072    -0.190763    -0.173866     -0.15498    -0.134705    -0.113563   -0.0919989   -0.0704018     -0.04921   -0.0291666   -0.0117558  9.90034e-07 -9.90034e-07
 1.26842e-06 -1.26842e-06  -0.00159517  -0.00451281  -0.00858854   -0.0137293   -0.0198943   -0.0270797   -0.0353072   -0.0446147   -0.0550468   -0.0666395   -0.0794094   -0.0933606     -0.10846    -0.124638    -0.141809    -0.159694    -0.177947    -0.196101    -0.213593    -0.229829    -0.244083    -0.255825     -0.26424    -0.268651    -0.268909    -0.264596    -0.255477    -0.241803    -0.224016    -0.202681    -0.178454    -0.151988    -0.123955   -0.0950832   -0.0662979   -0.0389873   -0.0155078  1.00719e-06 -1.00719e-06
 2.28631e-06 -2.28631e-06  -0.00146169  -0.00415363   -0.0079494   -0.0127845    -0.018641   -0.0255345   -0.0335055   -0.0426114   -0.0529195   -0.0644992   -0.0774162   -0.0917225    -0.107443    -0.124553    -0.142925    -0.162406     -0.18275    -0.203645     -0.22467    -0.245112    -0.264198    -0.281024    -0.295135    -0.305318    -0.310823    -0.311365    -0.306272    -0.295202    -0.278269    -0.255853     -0.22854    -0.197049    -0.162245    -0.125226   -0.0875174   -0.0513583   -0.0202883  1.22398e-06 -1.22398e-06
 3.25033e-06 -3.25033e-06  -0.00126847   -0.0036329  -0.00701445   -0.0113812   -0.0167375   -0.0231155   -0.0305693   -0.0391707    -0.049005   -0.0601667   -0.0727535   -0.0868569    -0.102549    -0.119868     -0.13881    -0.159309    -0.181205    -0.204191    -0.227786    -0.251482    -0.274679     -0.29677    -0.316616     -0.33342    -0.345697    -0.352652    -0.353705    -0.347842    -0.334478    -0.313475    -0.285061     -0.24984    -0.208694    -0.162993    -0.114899    -0.067762   -0.0267763  1.62118e-06 -1.62118e-06
 4.15057e-06 -4.15057e-06  -0.00102553  -0.00297834  -0.00583429  -0.00959546   -0.0142865    -0.019951   -0.0266504   -0.0344632   -0.0434838    -0.053821   -0.0655933   -0.0789227   -0.0939251      -0.1107    -0.129319    -0.149802    -0.172093     -0.19604    -0.221383    -0.247721    -0.274449    -0.300658    -0.325539    -0.348219    -0.367949    -0.383045    -0.392082    -0.394101    -0.387804    -0.372104    -0.346314    -0.310413    -0.264971    -0.211186    -0.151602   -0.0908053   -0.0362933   2.1467e-06  -2.1467e-06
 4.99039e-06 -4.99039e-06  -0.00074768   -0.0022308  -0.00448304   -0.0075388   -0.0114383   -0.0162305   -0.0219766   -0.0287529   -0.0366533   -0.0457889   -0.0562867   -0.0682855   -0.0819301   -0.0973631    -0.114714    -0.134081    -0.155516    -0.179001    -0.204432    -0.231567    -0.260016    -0.289246      -0.3185    -0.346809    -0.372899    -0.395677    -0.413575    -0.425398    -0.429515    -0.423874    -0.406329    -0.375478     -0.33077    -0.272266    -0.201942    -0.124897   -0.0514779   2.7517e-06  -2.7517e-06
 5.70954e-06 -5.70954e-06 -0.000455689  -0.00144645  -0.00306089  -0.00535977  -0.00839181   -0.0122038    -0.016849   -0.0223937    -0.028921   -0.0365334   -0.0453525   -0.0555177   -0.0671827   -0.0805102   -0.0956637    -0.112797    -0.132039    -0.153482    -0.177157    -0.203007    -0.230864    -0.260434    -0.291249     -0.32262    -0.353661    -0.383208    -0.410072     -0.43215     -0.44768     -0.45474    -0.451469    -0.434061    -0.399283    -0.344675    -0.269484     -0.17654   -0.0775239  3.35079e-06 -3.35079e-06
 6.03305e-06 -6.03305e-06  -0.00017882 -0.000701176  -0.00169878  -0.00324759  -0.00539544  -0.00817927   -0.0116378   -0.0158201   -0.0207911   -0.0266346   -0.0334546   -0.0413746   -0.0505362   -0.0610964   -0.0732225   -0.0870866    -0.102857    -0.120688    -0.140706    -0.162991    -0.187559    -0.214344    -0.243157    -0.273673    -0.305409    -0.337628    -0.369378    -0.399428    -0.426178    -0.447425    -0.460438    -0.462657    -0.448897    -0.413114    -0.349053    -0.251012    -0.123404  3.81922e-06 -3.81922e-06
 7.02584e-06 -7.02584e-06  3.89284e-05 -9.97284e-05 -0.000567631  -0.00143852  -0.00274846  -0.00451854  -0.00676933  -0.00952955   -0.0128412   -0.0167625   -0.0213686   -0.0267527   -0.0330247   -0.0403108   -0.0487513    -0.058497   -0.0697064   -0.0825396   -0.0971519    -0.113685    -0.132256    -0.152945    -0.175776    -0.200703     -0.22759    -0.256179    -0.286095    -0.316772    -0.347297    -0.376626    -0.402981    -0.423758    -0.435426    -0.432837    -0.404395    -0.333261    -0.197641   5.1945e-06  -5.1945e-06
 1.35529e-05 -1.35529e-05  0.000129637   0.00020814  0.000104043 -0.000229653 -0.000808365  -0.00163664  -0.00271898   -0.0040656  -0.00569533  -0.00763719  -0.00993098   -0.0126276    -0.015789   -0.0194877   -0.0238065   -0.0288377   -0.0346819   -0.0414468   -0.0492447   -0.0581895    -0.068393   -0.0799605   -0.0929845    -0.107539    -0.123674    -0.141408    -0.160727    -0.181556    -0.203755    -0.227173    -0.251438    -0.276036     -0.30031     -0.32164    -0.335752    -0.329849     -0.26249  5.65465e-06 -5.65465e-06
          -0            0            0            0            0            0            0            0            0            0            0            0            0            0            0            0            0            0            0            0            0            0            0            0            0            0            0            0            0            0            0            0            0            0            0            0            0            0            0            0           -0
