           0    0.0086328    0.0088656   0.00926488   0.00972362    0.0101761     0.010574    0.0108787    0.0110574    0.0110814    0.0109247    0.0105642   0.00997966   0.00915392   0.00807359   0.00672957   0.00511763     0.003239   0.00110261   -0.0012829  -0.00390325  -0.00674035  -0.00977361   -0.0129807   -0.0163407   -0.0198395   -0.0234769   -0.0272658   -0.0312523   -0.0355339   -0.0402972   -0.0458845   -0.0529231   -0.0625777   -0.0770735    -0.100945    -0.144863    -0.232916    -0.834789    -0.128381
  0.00865066      -198091      -192326      -186909      -181816      -177030      -172365      -167680      -162874      -157881      -152665      -147213      -141532      -135648      -129601      -123442      -117233      -111033      -104922     -98962.3     -93226.6     -87786.2     -82709.1       -78059     -73892.2     -70243.3     -67198.7     -64791.6     -63066.9     -62073.1     -61863.8     -62490.8     -64010.9     -66408.6     -69603.8     -73338.4     -77122.4     -80055.9     -79353.7    -0.293228
  0.00834185      -245534      -240465      -234843      -229091      -223344      -217559      -211657      -205565      -199229      -192616      -185715      -178538      -171117      -163499      -155748      -147938      -140152      -132476      -124988      -117785      -110955      -104581     -98744.7     -93519.1     -88962.6     -85149.3       -82142       -79994     -78761.6     -78507.2     -79295.7     -81197.5     -84220.3     -88301.7       -93326     -98344.7      -101847     -98631.8     -0.12543
  0.00794107      -250527      -247436      -242616      -237195      -231478      -225551      -219412      -213035      -206390      -199458      -192235      -184736      -176994      -169058      -160991      -152872      -144792      -136822      -129062      -121605      -114543      -107965      -101953     -96584.5     -91967.8     -88082.2     -85076.2     -82980.1     -81858.8     -81781.7     -82824.5     -85089.5     -88677.2     -93501.4     -98720.7      -105349      -107659      -103691   -0.0614736
  0.00750253      -246625      -243636      -239239      -234190      -228715      -222923      -216851      -210504      -203873      -196951      -189741      -182260      -174542      -166636      -158605      -150527      -142497      -134575      -126869      -119472      -112478      -105975      -100049     -94782.3     -90237.8     -86525.3       -83677     -81748.2       -80844     -81023.1     -82405.9     -85222.8     -89402.4     -93955.4      -100920      -106534      -108237      -104361   -0.0334142
    0.007086      -239652      -236650      -232486      -227722      -222503      -216915      -211010      -204804      -198302      -191504      -184419      -177066      -169480      -161709      -153815      -145876      -137985      -130199      -122628      -115366      -108504      -102132     -96338.3     -91204.7     -86810.2     -83231.1       -80564     -78837.7     -78144.5       -78567     -80193.2     -82756.5     -87840.4     -93277.8     -99609.5      -104522      -105638      -102132   -0.0186235
  0.00673021      -231334      -228398      -224412      -219879      -214893      -209525      -203821      -197802      -191477      -184852      -177938      -170756      -163342      -155742      -148019      -140247      -132519      -124890      -117468      -110347      -103621     -97376.6     -91702.6     -86688.8     -82412.5     -78955.4     -76367.7     -74817.5     -74268.4     -74841.2     -76326.9       -79832     -84421.7     -90105.9     -95795.6     -99733.5      -100435     -97461.6   -0.0101488
  0.00645616      -222253      -219395      -215568      -211244      -206477      -201332      -195844      -190034      -183910      -177482      -170762      -163772      -156548      -149136      -141596      -134001      -126440      -118971      -111693      -104702     -98104.9     -91959.2     -86374.5     -81436.4     -77221.9     -73817.3     -71341.7     -69727.2     -69225.5     -69613.4     -71595.4     -74740.6     -79276.7     -84466.5       -89257     -92457.2     -92933.9     -90578.7  -0.00525851
  0.00627519      -212534      -209773      -206116      -201987      -197443      -192524      -187263      -181674      -175767      -169550      -163037      -156251      -149227      -142012      -134662      -127247      -119851      -112541      -105400     -98498.2     -92052.5       -85954     -80418.4     -75508.2     -71298.8     -67872.6     -65274.2     -63732.9     -62945.3     -63482.3     -65176.7       -68103     -72068.1     -76462.9     -80439.9     -83078.4     -83471.6     -81740.4  -0.00271784
  0.00619288      -202216      -199581      -196099      -192180      -187863      -183185      -178161      -172800      -167115      -161114      -154813      -148235      -141417      -134402      -127246      -120014      -112781      -105636       -98661     -91960.1     -85311.4     -79361.9     -73879.3     -68974.5     -64686.4     -61176.5     -58480.3     -56524.3     -55811.5     -55998.4     -57364.1     -59801.2     -63030.1     -66578.9     -69853.9     -72023.4     -72422.7     -71287.1   -0.0018899
  0.00621148      -191330      -188842      -185562      -181871      -177797      -173364      -168585      -163471      -158025      -152257      -146182      -139824      -133219      -126409      -119447      -112391      -105310     -98295.5     -91393.3     -84669.5     -78369.2     -72309.3     -66735.1     -61705.1     -57354.9     -53696.8     -50787.9     -48608.5     -47538.4     -47402.2     -48264.7     -50023.6     -52452.3     -55245.6     -57890.5     -59690.4     -60158.3     -59567.9  -0.00240401
  0.00633233      -179900      -177578      -174516      -171066      -167248      -163075      -158555      -153692      -148489      -142956      -137109      -130973      -124583      -117981      -111217      -104344     -97398.3     -90545.6     -83751.7     -77131.6     -70784.9     -64749.1     -59120.9     -53992.4       -49448     -45556.2     -42415.8     -39880.2     -38391.9     -37786.4     -38031.3       -39055     -40750.3     -42866.8     -44943.6     -46448.8     -47017.5       -46909  -0.00400942
  0.00655626      -167955      -165816      -162990      -159796      -156246      -152346      -148095      -143494      -138543      -133254      -127642      -121734      -115563      -109171      -102603     -95910.3     -89158.2     -82406.2     -75719.3     -69166.5     -62823.2     -56758.6     -51049.1     -45777.6     -41020.8     -36850.3     -33303.7     -30492.6     -28485.8       -27306     -26896.1     -27238.4     -28262.9     -29747.7     -31339.1     -32618.1     -33301.7     -33608.2  -0.00651286
   0.0068832      -155526      -153585      -151008      -148083      -144814      -141197      -137226      -132895      -128207      -123169      -117800      -112127      -106183      -100006     -93641.3     -87137.4     -80555.1     -73930.9     -67341.6       -60846     -54508.7     -48398.5       -42586     -37146.3     -32150.9       -27669       -23746     -20511.2       -17984     -16198.6     -15152.1     -14859.2     -15263.6     -16189.9     -17369.7     -18477.3     -19276.2     -19931.7  -0.00975052
  0.00731213      -142645      -140914      -138598      -135953      -132974      -129649      -125965      -121914      -117496      -112719      -107602      -102171     -96461.5     -90509.1     -84355.3     -78046.3     -71636.3     -65147.1     -58661.9     -52224.7     -45894.4     -39733.7     -33807.1     -28179.4     -22927.9     -18119.6     -13810.4     -10101.5     -7033.31     -4674.74     -3053.69     -2181.77     -2014.62     -2450.76     -3286.45     -4268.93     -5171.26      -6113.6   -0.0135711
  0.00784061      -129348      -127838      -125792      -123433      -120749      -117722      -114332      -110568      -106427      -101919     -97062.2     -91884.6     -86418.8       -80701     -74769.8     -68666.9     -62430.9     -56094.8     -49724.2     -43356.1     -37041.3       -30836     -24794.6     -18987.2     -13476.7     -8331.86     -3619.04      584.441      4168.72      7050.32      9201.48        10604      11264.6      11247.1      10693.8      9809.98      8811.07      7638.46   -0.0178252
   0.0084641      -115675      -114395      -112623      -110554      -108168      -105440      -102347     -98874.2     -95017.2     -90785.3     -86197.9     -81282.5     -76071.6     -70600.1       -64904     -59019.2     -52979.1     -46812.7     -40576.5     -34295.6     -28013.5     -21777.6     -15643.4      -9663.4     -3899.21      1583.78       6717.7      11393.8      15455.8      18799.7      21425.4      23295.1      24382.7      24717.3        24393        23585      22506.2      21155.5   -0.0223586
  0.00917523      -101669      -100626       -99132     -97352.6     -95262.5     -92832.3     -90035.6       -86855     -83285.5     -79335.4       -75025     -70381.3     -65436.6     -60224.8       -54779     -49130.7     -43308.7     -37335.8     -31263.9     -25096.2     -18876.5     -12641.3     -6436.19     -306.292      5689.13      11478.7      16979.8      22138.1        26667      30412.8      33455.9      35730.3      37181.7      37804.9      37667.1      36918.8      35780.4      34296.8    -0.027005
  0.00996318       -87381     -86580.7     -85364.3       -83870     -82069.4     -79930.2     -77424.9     -74537.8     -71254.9     -67589.1     -63561.9     -59197.8     -54530.1     -49592.1     -44413.9     -39023.4     -33446.7     -27705.4     -21816.4     -15802.3     -9686.01     -3493.51      2748.39      8996.07        15197      21285.3      27180.2      32743.4      37660.6      41754.8      45159.5      47778.8      49533.9      50394.6      50408.1      49714.9      48534.8      46954.5   -0.0315827
   0.0108132     -72864.7     -72304.5     -71353.4     -70130.7     -68611.8     -66764.2     -64556.4     -61944.7     -58942.7     -55562.1     -51832.4     -47749.7     -43367.5     -38717.4     -33824.8     -28714.9     -23408.5     -17944.3     -12264.3      -6451.5     -485.795      5620.01      11848.1      18167.6      24532.2        30878      37121.6      43088.4        48334      52726.1      56439.7      59348.4      61354.1        62409      62547.3      61904.3      60707.8      59062.5   -0.0358857
   0.0117071     -58194.9     -57872.8     -57179.7     -56210.8     -54941.8     -53341.5       -51376     -49055.7     -46367.9     -43294.8     -39813.3     -36031.6     -31949.8     -27611.1     -23023.6       -18222     -13222.6     -8025.61     -2642.88       2927.6      8690.81      14656.3      20816.4      27154.3      33632.4      40187.1      46727.5      53068.3      58584.2      63266.2      67242.1      70391.1      72601.5      73814.4      74058.5      73467.4      72271.7      70580.1   -0.0396843
   0.0126148     -43450.4     -43367.1     -42920.4     -42188.2     -41151.2     -39783.2     -38064.8     -35974.3     -33509.6     -30690.8     -27562.1     -24117.3     -20374.4     -16285.3       -12005     -7546.67     -2877.96      1985.27      7051.08      12327.7      17834.7      23595.4      29631.6        35930      42469.4      49192.6      56010.7      62692.9      68482.8      73366.8      77558.7      80907.9      83282.9      84623.5      84958.9      84421.6      83241.5      81514.3   -0.0427259
   0.0135107     -28719.1     -28870.9     -28660.6     -28150.3     -27327.5     -26171.9     -24667.2     -22798.9     -20567.9     -17989.8     -15077.7     -11859.6     -8363.83     -4776.85     -906.303      3273.12      7598.74      12064.9      16787.9      21729.4      26924.7      32422.7      38269.7      44482.1      51030.7      57874.3      64926.7      71957.1      78087.8      83044.2      87432.2      90953.9      93452.1      94895.2      95310.7        94824      93666.6      91920.1   -0.0447283
   0.0143659     -14093.7     -14477.5     -14493.9     -14191.1     -13565.1     -12601.9       -11292      -9626.1      -7610.5     -5257.78     -2596.31      345.157       3517.3      6943.99      10565.9      14162.2      18023.1      22155.6      26447.5      30973.7      35814.8      41023.9      46666.9      52759.4      59277.2      66202.2      73465.3      80846.5      87282.2      92534.7      96918.3       100643       103192       104730       105221       104767       103602       101888   -0.0453779
   0.0151502      322.421     -288.293     -520.731     -410.189      38.3887      827.513      1962.94      3447.22      5272.91      7418.51      9860.19      12558.8      15479.8      18586.8      21826.6      25240.9      28824.1      32324.1      36156.9      40186.1      44564.5      49335.7      54614.9      60467.7      66922.4      73954.5      81470.3      89251.7      96051.6       101496       106221       109623       112531       114261       114842       114397       113047       110708   -0.0441874
   0.0158343      14418.3      13588.1      13151.3        13084      13375.9      14011.6      14994.3      16320.6      17979.6      19950.5      22197.9      24688.7      27378.7      30223.6      33182.6      36232.8      39356.1      42659.4      45646.4      49465.6      53328.9      57570.2      62401.7      67893.7      74109.3      81044.7      88617.1      96656.6       103971       109876       114896       119357       122439       124470       125299       125072       123816       121827   -0.0415399
   0.0163916      28077.7      27037.8      26410.1      26182.3      26329.7        26836      27689.6      28883.3      30402.9      32227.2        34323      36640.5      39137.2        41764      44476.3      47234.9      50015.9      52798.8      55695.5        58847      62112.2      65826.9      70201.5      75263.3      81151.7      87884.2      95413.8       103583       111357       117710       122892       127072       130044       131519       132089       131911       131341       129375   -0.0360148
   0.0168004      41181.5      39943.5        39137        38763      38785.1      39184.7      39929.4      41016.4        42425      44132.7      46118.9        48310      50660.3      53115.1      55636.2        58177      60696.1      63203.9      65764.6      68059.3      71296.9      74361.7      78012.5      82734.6      88248.1      94716.3       102110       110319       118561       125457       130913       135427       138853       141208       142308       142255       140970       138493   -0.0275587
   0.0170456      53608.7      52185.8      51219.4      50718.1        50627      50918.3        51585      52595.4      53924.3        55532      57481.3      59574.6      61825.4      64168.7      66549.5      68973.2      71291.4        73516      75678.7      78048.6      80494.8        83080      86215.7      90417.7      95549.1       101693       108876       117029       125717       133236       139075       143921       147669       150210       151494       151555       150403       147748   -0.0155948
   0.0171222      65248.2      63655.8      62535.6      61902.4      61710.1      61923.6      62521.3      63473.2      64766.5      66450.1      68221.6      70284.1      72502.3      74795.2      77066.1        79555        81715      83787.9      85876.3      87884.1      89447.3      92322.4      94887.6      98819.2       103261       108881       115777       123790       132690       140921       147391       152606       156691       159498       160977       161134       159936       156948  0.000443731
   0.0170299      75988.6      74242.7      72984.2      72244.5        71971        72123      72669.2      73588.1      74853.1      76365.3      78210.4      80270.8      82494.8      84849.4      87540.5      89590.3      91762.6      93746.6      95957.4      97782.1      99640.9       100973       104027       106816       111190       116389       122871       130603       139436       148337       155699       161376       165848       168964       170650       170874       169558       166154    0.0212562
   0.0167809      85721.2      83841.3      82460.5      81624.3      81278.4      81379.3      81893.1      82791.2      84040.2      85600.3      87452.3      89551.4      91848.1      94284.1      96527.5      98940.3       101302       103957       105558       107332       109002       111056       113335       115609       119035       124329       130199       137487       145990       155269       163572       169958       174893       178386       180310       180611       179151       175270    0.0477243
   0.0163979      94350.9      92361.7      90874.6      89950.5      89537.9      89594.6      90085.6      90980.3      92246.5      93851.1      95759.2      97924.8       100289       102764       105263       107810       110331       112412       114586       116529       118445       120961       121961       125404       127833       131789       138081       144391       152333       161405       170468       177875       183407       187366       189621       190072       188505       184105    0.0810283
   0.0159141       101790      99721.7      98144.6      97138.8      96662.3      96678.4      97153.8        98057      99355.6       101015       102996       105252       107723       110336       113027       115736       118366       120830       123234       125501       127632       129234       131324       133128       137600       140368       145138       151773       158485       166819       175976       184376       190820       195366       198106       198873       197352       192451     0.122887
   0.0153722       107926       105818       104166       103079       102537       102513       102978       103898       105238       106962       109028       111389       113988       116761       119644       122568       125456       128247       130914       133461       135809       137998       140190       142597       144541       149046       152627       158197       165235       171804       180046       188960       196449       201726       205137       206504       205350       200080     0.176077
   0.0148242       112484       110402       108681       107503       106889       106825       107281       108223       109611       111405       113558       116029       118760       121694       124770       127924       131089       134208       137235       140133       142894       145506       148064       150574       153299       156089       160405       164896       170380       177315       182445       191856       199675       205634       209866       212194       211905       206592     0.245625
   0.0143313       114655       112614       110795       109500       108802       108695       109145       110107       111537       113388       115618       118172       121007       124067       127304       130655       134064       137478       140851       144146       147335       150430       153444       156412       159442       162610       166342       170235       174997       180209       184996       193062       199236       205573       210693       214124       215308       210516     0.341777
   0.0139628       111474       109108       107117       105697       104926       104784       105217       106167       107581       109412       111613       114141       116954       120007       123247       126632       130113       133647       137200       140737       144236       147691       151105       154508       157933       161450       165110       168895       173007       177320       181857       187025       192823       197034       202182       206135       209251       206044     0.487261
   0.0137879      88979.7      86810.1      84954.2        83619      82900.8      82744.9      83083.4      83853.1      85001.6      86486.6      88272.1      90325.2      92614.3      95106.8      97768.4       100567       103474       106461       109500       112576       115677       118800       121946       125127       128355       131647       134987       138395       141831       145294       148818       152424       155554       158638       161507       164851       167742       167433     0.746025
  0.00686979    0.0139001     0.013752     0.013399    0.0129133    0.0123407    0.0117086    0.0110315    0.0103149   0.00955851   0.00875903   0.00791247   0.00701597   0.00606966   0.00507857   0.00405467   0.00301904   0.00200503   0.00106176  0.000258413 -0.000310363 -0.000517694 -0.000196478  0.000870188   0.00295996   0.00642398    0.0117035     0.019352    0.0300707    0.0447336    0.0644053    0.0906309     0.125296     0.170764     0.232158       0.3142     0.434258      0.61494      1.36116     0.261336
