           0 -2.71116e-05 -2.61488e-05 -2.53321e-05 -2.47245e-05 -2.41785e-05 -2.36477e-05 -2.31054e-05 -2.25351e-05  -2.1927e-05 -2.12764e-05 -2.05822e-05 -1.98467e-05  -1.9074e-05 -1.82706e-05 -1.74439e-05 -1.66024e-05 -1.57562e-05 -1.49118e-05 -1.40809e-05 -1.32728e-05  -1.2497e-05  -1.1763e-05 -1.10796e-05  -1.0455e-05 -9.89257e-06 -9.40681e-06 -9.00159e-06 -8.68339e-06 -8.46045e-06 -8.34288e-06 -8.34441e-06 -8.47948e-06 -8.76763e-06 -9.21408e-06 -9.80647e-06 -1.04559e-05 -1.11021e-05 -9.79847e-06            1
           0  2.71116e-05  2.61488e-05  2.53321e-05  2.47245e-05  2.41785e-05  2.36477e-05  2.31054e-05  2.25351e-05   2.1927e-05  2.12764e-05  2.05822e-05  1.98467e-05   1.9074e-05  1.82706e-05  1.74439e-05  1.66024e-05  1.57562e-05  1.49118e-05  1.40809e-05  1.32728e-05   1.2497e-05   1.1763e-05  1.10796e-05   1.0455e-05  9.89257e-06  9.40681e-06  9.00159e-06  8.68339e-06  8.46045e-06  8.34288e-06  8.34441e-06  8.47948e-06  8.76763e-06  9.21408e-06  9.80647e-06  1.04559e-05  1.11021e-05  9.79847e-06            1
           0  7.31546e-05 -0.000130407 -0.000425525 -0.000743205  -0.00105697  -0.00135644  -0.00163738  -0.00189767   -0.0021357  -0.00234973  -0.00253773  -0.00269744  -0.00282653  -0.00292285  -0.00298476  -0.00301151  -0.00300388  -0.00296762  -0.00290471  -0.00282114  -0.00272603   -0.0026321  -0.00255783  -0.00252829   -0.0025748  -0.00273399  -0.00306392  -0.00363914  -0.00456102  -0.00596661  -0.00803724   -0.0109944   -0.0150571   -0.0202611    -0.025676   -0.0255144   0.00455869     0.175174            1
           0 -9.60425e-05 -0.000670565  -0.00144448  -0.00228233  -0.00312035  -0.00392844   -0.0046919  -0.00540245  -0.00605401   -0.0066409  -0.00715714  -0.00759645  -0.00795254  -0.00821972  -0.00839366   -0.0084724  -0.00845698  -0.00836312  -0.00819502  -0.00796859  -0.00770732  -0.00744357   -0.0072235  -0.00710899  -0.00718073  -0.00751906  -0.00825984  -0.00956116   -0.0116224   -0.0146806    -0.018983   -0.0246872   -0.0315609   -0.0382343   -0.0396146   -0.0216162    0.0588923     0.320376            1
           0  -0.00053795  -0.00166134  -0.00305888  -0.00455619    -0.006059  -0.00751649   -0.0089005   -0.0101936   -0.0113827   -0.0124563   -0.0134027   -0.0142102   -0.0148672   -0.0153633   -0.0156904   -0.0158445   -0.0158249   -0.0156615   -0.0153577    -0.014941   -0.0144506   -0.0139402   -0.0134842   -0.0131809   -0.0131654   -0.0135527   -0.0145412   -0.0163405   -0.0191871    -0.023305   -0.0288101   -0.0354647    -0.042023   -0.0448604   -0.0356442    0.0065621     0.129116     0.425201            1
           0  -0.00124555  -0.00309022  -0.00523509  -0.00749436  -0.00975656    -0.011955   -0.0140491   -0.0160113   -0.0178206   -0.0194579    -0.020905   -0.0221432   -0.0231547    -0.023923    -0.024435   -0.0246833   -0.0246622   -0.0244195   -0.0239529   -0.0233002   -0.0225153   -0.0216709   -0.0208644   -0.0202262   -0.0199189   -0.0201176   -0.0210161    -0.022847   -0.0258096   -0.0300137   -0.0352945   -0.0408253   -0.0441547   -0.0401669   -0.0175068    0.0473274     0.197982     0.501055            1
           0  -0.00218271  -0.00490346  -0.00790186   -0.0110016   -0.0140876   -0.0170847   -0.0199434   -0.0226275   -0.0251081   -0.0273583   -0.0293523   -0.0310639   -0.0324676   -0.0335396   -0.0342603   -0.0346167   -0.0345946   -0.0342618   -0.0336044   -0.0326681   -0.0315173   -0.0302399   -0.0289493    -0.027796   -0.0269593   -0.0266417   -0.0270354    -0.028336   -0.0306519   -0.0339188   -0.0376394   -0.0403813    -0.038821   -0.0265123   0.00958242    0.0925633     0.259943     0.557932            1
           0   -0.0033029  -0.00702899   -0.0109686   -0.0149686   -0.0189213   -0.0227515   -0.0264049   -0.0298398   -0.0330202   -0.0359122    -0.038482   -0.0406951   -0.0425174   -0.0439162   -0.0448634    -0.045338   -0.0453137   -0.0448783   -0.0440006   -0.0427305   -0.0411381   -0.0393205   -0.0374023   -0.0355397   -0.0339201   -0.0327422   -0.0321905   -0.0324116   -0.0333618   -0.0348102    -0.036017   -0.0348817   -0.0275657  -0.00656553    0.0413853        0.138     0.314362     0.602227            1
           0    -0.004559  -0.00938998   -0.0143377   -0.0192805   -0.0241265   -0.0288067   -0.0332679   -0.0374655   -0.0413588   -0.0449075   -0.0480703   -0.0508038   -0.0530639   -0.0548076   -0.0559959   -0.0565974   -0.0565696   -0.0560189   -0.0548915   -0.0532371   -0.0511268   -0.0486606   -0.0459675   -0.0432037   -0.0405519   -0.0381994   -0.0362999   -0.0349245   -0.0339387   -0.0329907   -0.0309212   -0.0253574   -0.0119139    0.0172719    0.0752136     0.181668     0.362037     0.637921            1
           0  -0.00590721   -0.0119117   -0.0179123    -0.023823   -0.0295738   -0.0351079   -0.0403772   -0.0453377   -0.0499461   -0.0541578   -0.0579237   -0.0611911    -0.063905   -0.0660101   -0.0674543   -0.0681925    -0.068162    -0.067486   -0.0660824   -0.0639964    -0.061296    -0.058078     -0.05447   -0.0506255   -0.0467146    -0.042907   -0.0393254   -0.0359722   -0.0326254   -0.0287855   -0.0230397   -0.0127725   0.00669978    0.0432924     0.109451     0.222809     0.404031      0.66752            1
           0  -0.00730815   -0.0145241   -0.0215992    -0.028485   -0.0351374   -0.0415161   -0.0475828   -0.0532984   -0.0586195   -0.0634959   -0.0678716   -0.0716843   -0.0748669   -0.0773501   -0.0790662   -0.0799539   -0.0799264   -0.0791209   -0.0774219   -0.0748673   -0.0715163   -0.0674601   -0.0628191   -0.0577386   -0.0523774   -0.0468841   -0.0413415   -0.0356646   -0.0297077    -0.022657   -0.0130238   0.00198436    0.0271742     0.070337      0.14316     0.261226     0.441306     0.692648            1
           0  -0.00872675   -0.0171633   -0.0253119   -0.0331633    -0.040702   -0.0479079   -0.0547554   -0.0612116   -0.0672349   -0.0727735   -0.0777648   -0.0821362   -0.0858071   -0.0886917   -0.0907038   -0.0917625   -0.0917534   -0.0908197   -0.0888099   -0.0857518   -0.0816936   -0.0767165   -0.0709342   -0.0644848   -0.0575147   -0.0501507   -0.0424541   -0.0342912   -0.0254607   -0.0150538  -0.00146759    0.0181758    0.0486935    0.0976274     0.175818     0.296972     0.474656      0.71438            1
           0   -0.0101305   -0.0197683   -0.0289659   -0.0377542   -0.0461488   -0.0541521    -0.061754   -0.0689309   -0.0756451   -0.0818432   -0.0874565   -0.0924017   -0.0965831   -0.0998966    -0.102234    -0.103492    -0.103532     -0.10248     -0.10016   -0.0965838   -0.0917835   -0.0858294   -0.0788261   -0.0709037    -0.062199   -0.0528251   -0.0428252     -0.03207   -0.0202281  -0.00638851    0.0111237    0.0352219    0.0706566     0.124638     0.207143     0.330187     0.504705     0.733447            1
           0   -0.0114883   -0.0222806   -0.0324796   -0.0421577   -0.0513631   -0.0601231   -0.0684454   -0.0763179    -0.083708    -0.090562    -0.096805    -0.102342    -0.107062     -0.11084    -0.113543     -0.11504    -0.115172    -0.114025    -0.111413    -0.107321    -0.101763    -0.094798   -0.0865199   -0.0770529   -0.0665285   -0.0550522   -0.0426464   -0.0292216   -0.0143147   0.00296433    0.0243204     0.052662    0.0926168      0.15101     0.236983     0.361036     0.531928     0.750356            1
           0   -0.0127696   -0.0246429   -0.0357735   -0.0462761   -0.0562329    -0.065698   -0.0746988   -0.0832362   -0.0912841   -0.0987892    -0.105671    -0.111823    -0.117115      -0.1214    -0.124519    -0.126307     -0.12659    -0.125388     -0.12252    -0.117936    -0.111629    -0.103643   -0.0940639   -0.0830118   -0.0706166   -0.0569835   -0.0421366   -0.0259671  -0.00800065    0.0126745    0.0377619     0.070126     0.114229     0.176493     0.265255     0.389668     0.556685      0.76546            1
           0   -0.0139443   -0.0267991   -0.0387697   -0.0500137   -0.0606487   -0.0707566   -0.0803857   -0.0895514   -0.0982353    -0.106385    -0.113915    -0.120706    -0.126609    -0.131453    -0.135048    -0.137197      -0.1377    -0.136504    -0.133438    -0.128409    -0.121386    -0.112397     -0.10152   -0.0888741   -0.0745905   -0.0587815   -0.0414808   -0.0225519  -0.00155249    0.0224496    0.0511384    0.0873041     0.135219     0.200896     0.291905     0.416202     0.579236     0.779007            1
           0    -0.014982   -0.0286937   -0.0413919   -0.0532777   -0.0645043   -0.0751821   -0.0853812   -0.0951322    -0.104426    -0.113211    -0.121398    -0.128853     -0.13541     -0.14087    -0.145013    -0.147604    -0.148411    -0.147302    -0.144122    -0.138721    -0.131043    -0.121098    -0.108958   -0.0947403   -0.0785831   -0.0606094   -0.0408688   -0.0192101    0.0047751    0.0320206    0.0641734     0.103931     0.155358     0.224058     0.316882     0.440718     0.599766     0.791165            1
           0   -0.0158529   -0.0302726   -0.0435671   -0.0559798    -0.067699   -0.0788635   -0.0895657   -0.0998515    -0.109722    -0.119129    -0.127977    -0.136122    -0.143376    -0.149514    -0.154282    -0.157407    -0.158619    -0.157701    -0.154515    -0.148842    -0.140599    -0.129779    -0.116445    -0.100712   -0.0827293    -0.062632    -0.040489   -0.0161687    0.0107391    0.0411339    0.0766118     0.119764     0.174439     0.245831     0.340125     0.463258     0.618391     0.802045            1
           0   -0.0165279   -0.0314846   -0.0452267   -0.0580378   -0.0701395   -0.0816981   -0.0928276    -0.103589    -0.113996    -0.124004    -0.133512    -0.142364    -0.150357    -0.157235     -0.16271    -0.166471    -0.168201    -0.167602    -0.164541    -0.158725    -0.150043    -0.138464     -0.12404    -0.106887   -0.0871616   -0.0650163   -0.0405247   -0.0136503    0.0161072    0.0495454    0.0882082     0.134572     0.192259     0.266066     0.361553     0.483824     0.635173     0.811707            1
           0   -0.0169798   -0.0322831   -0.0463098   -0.0593796   -0.0717442   -0.0835946   -0.0950662    -0.106236    -0.117128    -0.127704     -0.13786     -0.14743    -0.156196    -0.163872    -0.170138    -0.174636    -0.177009    -0.176881      -0.1741    -0.168299    -0.159339    -0.147158     -0.13179    -0.113349   -0.0920017   -0.0679172   -0.0412032    -0.011835     0.020652    0.0570109    0.0987181     0.148122     0.208612       0.2846     0.381066     0.502375     0.650122     0.820174            1
           0   -0.0171848   -0.0326282   -0.0467657   -0.0599462   -0.0724465   -0.0844784   -0.0961941    -0.107696    -0.119012    -0.130107    -0.140883    -0.151166    -0.160728    -0.169251    -0.176383    -0.181725    -0.184867    -0.185394    -0.183048    -0.177459    -0.168423     -0.15584    -0.139718    -0.120169   -0.0973646   -0.0714919    -0.042686   -0.0109365    0.0241403    0.0632856     0.107894     0.160173     0.223278     0.301247     0.398526     0.518834     0.663206     0.827434            1
           0   -0.0171239   -0.0324906   -0.0465571   -0.0596929   -0.0721939    -0.084292   -0.0961579    -0.107898    -0.119554    -0.131102    -0.142439    -0.153428    -0.163786    -0.173183    -0.181251    -0.187533     -0.19158    -0.192929    -0.191218    -0.186064    -0.177192    -0.164452    -0.147819    -0.127391    -0.103341   -0.0758736   -0.0451457   -0.0111644     0.026331    0.0681264     0.115482     0.170471     0.236016     0.315795     0.413763     0.533079      0.67435      0.83345            1
           0   -0.0167891    -0.031857   -0.0456685   -0.0586026   -0.0709664   -0.0830035   -0.0948968    -0.106766    -0.118669    -0.130594     -0.14246    -0.154077    -0.165188    -0.175478    -0.184526    -0.191832    -0.196914    -0.199241    -0.198394    -0.193922    -0.185489    -0.172886     -0.15604    -0.135018    -0.109992   -0.0811749   -0.0487463   -0.0127504    0.0270295    0.0712752      0.12121     0.178742     0.246558     0.327997     0.426565     0.544946     0.683441     0.838156            1
           0   -0.0161805   -0.0307302   -0.0441053   -0.0566818   -0.0687681    -0.080613   -0.0924076    -0.104285    -0.116316    -0.128505    -0.140778    -0.152963    -0.164809    -0.175968     -0.18598    -0.194374    -0.200605    -0.204057      -0.2043    -0.200783    -0.193101    -0.180973    -0.164269    -0.143007    -0.117339   -0.0874802   -0.0536303   -0.0158678     0.025977    0.0724806     0.124795     0.184689     0.254607     0.337571     0.436682     0.554224     0.690318     0.841459            1
           0   -0.0153083   -0.0291301   -0.0418957    -0.053964   -0.0656347   -0.0771542   -0.0887174    -0.100467    -0.112489    -0.124801    -0.137347    -0.149977    -0.162448     -0.17441    -0.185413    -0.194936    -0.202348     -0.20709    -0.208601    -0.206328    -0.199735    -0.188469    -0.172321    -0.151244    -0.125343   -0.0948266   -0.0599067   -0.0206903    0.0229436    0.0714772     0.125939     0.187985     0.259825     0.344188     0.443809     0.560659     0.694782      0.84324            1
           0   -0.0141929   -0.0270951    -0.039092   -0.0505117   -0.0616342   -0.0726955   -0.0838897   -0.0953659    -0.107222    -0.119494    -0.132147    -0.145057       -0.158    -0.170644    -0.182549    -0.193176    -0.201894    -0.208031    -0.210915    -0.210183    -0.205018     -0.19503    -0.179909    -0.159513    -0.133879    -0.103183    -0.067635   -0.0273623    0.0177096     0.067983     0.124352     0.188256     0.261842     0.347466     0.447581      0.56394     0.696625      0.84332            1
           0   -0.0128665   -0.0246826   -0.0357714   -0.0464161   -0.0568666   -0.0673412   -0.0780272   -0.0890764    -0.100597    -0.112645    -0.125208    -0.138193     -0.15141    -0.164553    -0.177207    -0.188841    -0.198823    -0.206449    -0.210977    -0.211879    -0.208485    -0.200209     -0.18663    -0.167481    -0.142711    -0.112418    -0.076792   -0.0359691    0.0100849    0.0616954     0.119639     0.185227     0.260263     0.346942     0.447494     0.563591     0.695515     0.841717            1
           0   -0.0113713   -0.0219678   -0.0320338   -0.0417956   -0.0514632   -0.0612304   -0.0712722   -0.0817393   -0.0927486    -0.104372    -0.116625    -0.129447    -0.142689    -0.156091    -0.169271    -0.181733     -0.19286    -0.201944    -0.208216    -0.210965    -0.209642    -0.203446    -0.191933     -0.17466    -0.151434    -0.122255   -0.0872367   -0.0465065 -5.65708e-05     0.052373     0.111438     0.178286     0.254522     0.342164     0.443249     0.559361      0.69111      0.83801            1
           0  -0.00975953   -0.0190415   -0.0279994   -0.0367927   -0.0455838   -0.0545352   -0.0638054   -0.0735394   -0.0838602   -0.0948556    -0.106564    -0.118962    -0.131942    -0.145302    -0.158715    -0.171736    -0.183787    -0.194183    -0.202157    -0.206902    -0.207846    -0.204127    -0.195096    -0.180378    -0.159452    -0.132207   -0.0986408   -0.0588187   -0.0127349    0.0398319    0.0994189     0.167031     0.244121     0.332519     0.434143     0.550626     0.683009     0.831977            1
           0  -0.00809053   -0.0160075    -0.023805    -0.031569   -0.0394096   -0.0474549    -0.055841   -0.0647036   -0.0741677   -0.0843363   -0.0952703    -0.106967    -0.119376    -0.132352    -0.145642    -0.158864    -0.171503    -0.182934    -0.192426    -0.199177    -0.202383    -0.201483    -0.195395    -0.183689    -0.165914    -0.141529    -0.110411   -0.0725103   -0.0277726    0.0240165    0.0833182     0.151023     0.228452     0.317299     0.419441      0.53668     0.670628     0.823308            1
           0  -0.00642631   -0.0129732   -0.0195922   -0.0262941   -0.0331357   -0.0402074   -0.0476219   -0.0555023   -0.0639694   -0.0731246   -0.0830441   -0.0937781    -0.105307    -0.117544    -0.130325    -0.143302    -0.156089    -0.168144    -0.178803    -0.187292    -0.192772     -0.19459    -0.191901     -0.18369    -0.169614    -0.149114    -0.121588   -0.0868284   -0.0446799    0.0051193    0.0630332     0.129872     0.206879     0.295695     0.398245     0.516634     0.653215     0.811548            1
           0  -0.00483356   -0.0100536   -0.0155122   -0.0211475   -0.0269643   -0.0330159   -0.0393895   -0.0461921   -0.0535373   -0.0615352   -0.0702808   -0.0798367   -0.0902198    -0.101381     -0.11317    -0.125433    -0.137852    -0.150004    -0.161322    -0.171065    -0.178524    -0.182853    -0.183486    -0.179281    -0.169357    -0.153431    -0.130712    -0.100509   -0.0624751   -0.0162248    0.0387961     0.103396     0.178836     0.266815     0.369452     0.489317     0.629731     0.796035            1
           0  -0.00337731  -0.00736025   -0.0117115   -0.0163053   -0.0210997   -0.0261145   -0.0314121   -0.0370821   -0.0432284   -0.0499583   -0.0573705   -0.0655411   -0.0745134   -0.0842874   -0.0948165    -0.105971    -0.117527    -0.129126     -0.14031    -0.150634    -0.159445    -0.166031    -0.169377    -0.169097     -0.16385    -0.152888    -0.135807    -0.111582    -0.079415   -0.0386487    0.0114728    0.0718937      0.14402     0.229784     0.331732     0.453149     0.598653     0.775739            1
           0  -0.00211703  -0.00499465  -0.00832421   -0.0119298   -0.0157332   -0.0197264   -0.0239496   -0.0284746   -0.0333917   -0.0387984   -0.0447899   -0.0514485   -0.0588361   -0.0669864   -0.0758951   -0.0854948   -0.0956525     -0.10616    -0.116734    -0.126951    -0.136257    -0.143944    -0.149533    -0.152292    -0.151571     -0.14593    -0.134753    -0.117446   -0.0927831   -0.0596586   -0.0169518     0.036661     0.102861     0.184069     0.283624     0.405998     0.557655     0.748951            1
           0  -0.00110237   -0.0030409  -0.00546147  -0.00815788   -0.0110295    -0.014049   -0.0172388   -0.0206533   -0.0243663   -0.0284612   -0.0330223   -0.0381288   -0.0438481   -0.0502297   -0.0572974   -0.0650357   -0.0733856    -0.082236   -0.0914117     -0.10063    -0.109542    -0.117745    -0.124655    -0.129613    -0.131839     -0.13083    -0.125713    -0.115427   -0.0990832   -0.0753647   -0.0427505  0.000747413    0.0574058     0.130267     0.224024     0.345185     0.503129     0.712644            1
           0 -0.000368262  -0.00155723  -0.00320155  -0.00508962  -0.00711495   -0.0092414   -0.0114788   -0.0138659    -0.016459   -0.0193233   -0.0225274   -0.0261381   -0.0302166   -0.0348142   -0.0399676   -0.0456917   -0.0519758    -0.058776   -0.0660046   -0.0735158   -0.0811093    -0.088527   -0.0954087    -0.101307    -0.105749    -0.108051    -0.107813    -0.103602   -0.0949681   -0.0810105   -0.0603044   -0.0301161    0.0126826    0.0717457     0.153682     0.268122     0.429693      0.66115            1
           0  7.09679e-05 -0.000566674   -0.0015789  -0.00277692  -0.00406619  -0.00541219  -0.00681774  -0.00830834  -0.00992272   -0.0117067   -0.0137093    -0.015979   -0.0185626   -0.0215023   -0.0248335   -0.0285812   -0.0327577   -0.0373582   -0.0423544   -0.0476886   -0.0532713   -0.0589729    -0.064606    -0.069943   -0.0747101    -0.078504   -0.0809481   -0.0815243   -0.0794395    -0.073956    -0.063584   -0.0475367   -0.0221119    0.0171193    0.0784727     0.175159      0.33066     0.583609            1
           0    0.0002303  -4.5622e-05 -0.000573119  -0.00121393  -0.00190126  -0.00261085  -0.00334313  -0.00411273  -0.00494212  -0.00585793  -0.00688859  -0.00806302  -0.00940955   -0.0109551    -0.012724   -0.0147368   -0.0170092   -0.0195504   -0.0223603   -0.0254268   -0.0287238   -0.0322068   -0.0358081   -0.0394381   -0.0429812   -0.0462883   -0.0492009   -0.0514757   -0.0526917   -0.0527145   -0.0505803   -0.0453303   -0.0358887   -0.0186821    0.0143918    0.0770993     0.203036     0.460187            1
           0  0.000168245  9.10256e-05 -9.77882e-05  -0.00033035 -0.000576393 -0.000825702  -0.00107865   -0.0013412  -0.00162222  -0.00193198  -0.00228143  -0.00268173  -0.00314394  -0.00367882  -0.00429658  -0.00500675  -0.00581782  -0.00673686  -0.00776852  -0.00891434   -0.0101725   -0.0115363   -0.0129932   -0.0145244   -0.0161055   -0.0177062    -0.019291   -0.0208023   -0.0221716   -0.0233907   -0.0242343   -0.0245655   -0.0242363   -0.0212909   -0.0140703    0.0059464    0.0674004      0.26253            1
           0  1.18524e-05  1.14979e-05  1.11877e-05  1.10324e-05  1.09773e-05      1.1e-05  1.10854e-05  1.12233e-05  1.14071e-05  1.16326e-05  1.18966e-05   1.2196e-05  1.25278e-05  1.28883e-05  1.32734e-05  1.36794e-05  1.41032e-05  1.45424e-05  1.49947e-05    1.546e-05  1.59391e-05  1.64342e-05  1.69484e-05  1.74865e-05  1.80527e-05  1.86517e-05  1.92816e-05  1.99274e-05  2.06095e-05  2.12744e-05  2.19471e-05  2.26458e-05  2.32768e-05  2.36138e-05  2.41731e-05  2.43813e-05  2.48207e-05  2.56583e-05            1
           0 -1.18524e-05 -1.14979e-05 -1.11877e-05 -1.10324e-05 -1.09773e-05     -1.1e-05 -1.10854e-05 -1.12233e-05 -1.14071e-05 -1.16326e-05 -1.18966e-05  -1.2196e-05 -1.25278e-05 -1.28883e-05 -1.32734e-05 -1.36794e-05 -1.41032e-05 -1.45424e-05 -1.49947e-05   -1.546e-05 -1.59391e-05 -1.64342e-05 -1.69484e-05 -1.74865e-05 -1.80527e-05 -1.86517e-05 -1.92816e-05 -1.99274e-05 -2.06095e-05 -2.12744e-05 -2.19471e-05 -2.26458e-05 -2.32768e-05 -2.36138e-05 -2.41731e-05 -2.43813e-05 -2.48207e-05 -2.56583e-05            1
