          -0            0            0            0            0            0            0            0            0            0            0            0            0            0            0            0            0            0            0            0            0            0            0            0            0            0            0            0            0            0            0            0            0            0            0            0            0            0            0            0           -0
-1.79654e-05  1.79654e-05 -1.70921e-05  0.000151576  0.000614186   0.00139353    0.0024858    0.0038767   0.00554771   0.00747814   0.00964567    0.0120263    0.0145938      0.01732    0.0201741    0.0231234    0.0261333    0.0291688    0.0321954    0.0351845    0.0381095    0.0409498    0.0436938    0.0463429    0.0489167    0.0514601    0.0540492    0.0567968    0.0598738    0.0635255    0.0680989    0.0740777    0.0821272    0.0931341     0.108204     0.128479     0.154169     0.179699     0.175156 -3.54107e-06  3.54107e-06
-5.33174e-06  5.33174e-06  0.000185642   0.00073851   0.00176988   0.00332111    0.0053963   0.00797979    0.0110455    0.0145612      0.01849    0.0227914    0.0274206     0.032329    0.0374641    0.0427696    0.0481868    0.0536555     0.059116    0.0645185    0.0698155    0.0749691    0.0799563    0.0847733    0.0894442    0.0940299    0.0986405      0.10343      0.10863     0.114557     0.121622      0.13034      0.14129     0.154987     0.171496     0.189473     0.203417     0.199524     0.145196 -1.95472e-06  1.95472e-06
-4.54986e-06  4.54986e-06  0.000457211    0.0014605    0.0030872   0.00537308   0.00832346     0.011923    0.0161427    0.0209446    0.0262838    0.0321093    0.0383646    0.0449878    0.0519114    0.0590635    0.0663685    0.0737483    0.0811235    0.0884288     0.095598     0.102577     0.109326     0.115828     0.122094     0.128171      0.13416     0.140198     0.146484     0.153267     0.160836     0.169465     0.179296     0.190078     0.200545     0.207175      0.20321     0.175037     0.104819 -2.01828e-06  2.01828e-06
-5.01607e-06  5.01607e-06  0.000723099   0.00216417   0.00435238   0.00730229    0.0110113     0.015461    0.0206205    0.0264487    0.0328968    0.0399083      0.04742    0.0553622    0.0636584    0.0722265     0.080979    0.0898254    0.0986699     0.107435     0.116036     0.124401     0.132472     0.140208     0.147593     0.154643     0.161401      0.16797     0.174449      0.18096     0.187587     0.194299     0.200788     0.206153     0.208289       0.2036     0.185468     0.144708    0.0758469 -2.12616e-06  2.12616e-06
 -4.8416e-06   4.8416e-06  0.000952165   0.00277722    0.0054556   0.00897424    0.0133163    0.0184569    0.0243617    0.0309882    0.0382856    0.0461956    0.0546522    0.0635817    0.0729031    0.0825278    0.0923608     0.102301     0.112241      0.12209     0.131747     0.141121     0.150128     0.158702     0.166792     0.174367     0.181411      0.18794     0.193963     0.199456     0.204302     0.208211      0.21056      0.21012     0.204791     0.191141     0.164057     0.118826    0.0568704 -2.07269e-06  2.07269e-06
-4.64563e-06  4.64563e-06   0.00113464   0.00327157   0.00634947    0.0103274    0.0151719    0.0208491    0.0273208    0.0345429    0.0424646    0.0510277    0.0601662    0.0698059    0.0798638    0.0902482     0.100859     0.111587     0.122313     0.132935     0.143337     0.153405     0.163031     0.172117     0.180574     0.188323     0.195287     0.201392     0.206551      0.21063     0.213344     0.214239      0.21262     0.207125     0.195874     0.175931     0.144133    0.0987018    0.0442887 -1.98555e-06  1.98555e-06
-4.46849e-06  4.46849e-06   0.00126998   0.00364192   0.00702183    0.0113443    0.0165598    0.0226251    0.0294979    0.0371331    0.0454809    0.0544851    0.0640819    0.0741988    0.0847531    0.0956519     0.106792     0.118058      0.12932     0.140466     0.151363     0.161875     0.171868     0.181213     0.189782      0.19745     0.204086     0.209547      0.21366     0.216177     0.216757     0.214941     0.209849     0.200328      0.18468     0.160847     0.127023    0.0833594    0.0356882 -1.85087e-06  1.85087e-06
-4.27504e-06  4.27504e-06   0.00136148   0.00389363    0.0074785    0.0120311    0.0174882     0.023799    0.0309177     0.038799    0.0473951    0.0566538    0.0665153    0.0769104     0.087759    0.0989687     0.110434     0.122035     0.133634     0.145106     0.156303     0.167067     0.177241     0.186662     0.195169     0.202594     0.208761     0.213472     0.216501     0.217552     0.216241     0.212039     0.204161      0.19158      0.17297     0.146953      0.11272    0.0715839    0.0295946 -1.66827e-06  1.66827e-06
-4.06677e-06  4.06677e-06   0.00141357   0.00403601   0.00773271    0.0124043    0.0179773    0.0243945     0.031609    0.0395784    0.0482601    0.0576063    0.0675619    0.0780625    0.0890315     0.100378     0.111996     0.123764     0.135534     0.147174     0.158518     0.169394     0.179619     0.189005     0.197357     0.204474      0.21014      0.21412     0.216139     0.215834      0.21292     0.206794     0.196781     0.182027     0.161556     0.134514     0.100809    0.0623946    0.0251232 -1.45341e-06  1.45341e-06
-3.84881e-06  3.84881e-06   0.00143055   0.00407916   0.00780108    0.0124884    0.0180619    0.0244625    0.0316435    0.0395648     0.048188    0.0574732    0.0673737    0.0778326    0.0887794     0.100127     0.111771     0.123585     0.135417     0.147121     0.158514     0.169402     0.179583     0.188844     0.196962     0.203711     0.208851     0.212121     0.213236     0.211865      0.20762     0.200019     0.188466     0.172277      0.15076     0.123472    0.0908175    0.0550752    0.0217281 -1.21422e-06  1.21422e-06
-3.61862e-06  3.61862e-06   0.00141499   0.00402887    0.0076916    0.0122911    0.0177462    0.0239985     0.031005     0.038732    0.0471496    0.0562265    0.0659251    0.0761971    0.0869793    0.0981901     0.109726     0.121461     0.133244     0.144909     0.156264     0.167099     0.177193     0.186309     0.194204     0.200625     0.205312     0.207989     0.208362     0.206143     0.200912     0.192249     0.179659     0.162615     0.140654     0.113646    0.0823235    0.0491104    0.0190641 -9.56153e-07  9.56153e-07
 -3.3785e-06   3.3785e-06   0.00136824   0.00388875   0.00741063    0.0118221    0.0170442    0.0230228    0.0297217    0.0371158    0.0451857    0.0539111     0.063266    0.0732128    0.0836978    0.0946466      0.10596     0.117512     0.129157     0.140706     0.151963     0.162703     0.172686     0.181658     0.189354     0.195505     0.199837     0.202066     0.201889     0.199042      0.19313     0.183779     0.170583     0.153145     0.131186     0.104815    0.0749762    0.0441288    0.0169065 -6.85636e-07  6.85636e-07
-3.12855e-06  3.12855e-06   0.00129104   0.00366105    0.0069625    0.0110882    0.0159653    0.0215472    0.0278075    0.0347324    0.0423148    0.0505483    0.0594201    0.0689058    0.0789636    0.0895286     0.100509      0.11178     0.123203     0.134569      0.14568     0.156298     0.166166     0.175014      0.18256     0.188521      0.19261     0.194543     0.194034     0.190781     0.184468     0.174758     0.161318     0.143854     0.122243    0.0967614    0.0684898    0.0398587    0.0151029 -4.08211e-07  4.08211e-07
 -2.8694e-06   2.8694e-06   0.00118358   0.00334679   0.00634984    0.0100942    0.0145166    0.0195816    0.0252749    0.0315962    0.0385533    0.0461551    0.0544048    0.0632931    0.0727924      0.08285    0.0933839     0.104278     0.115392     0.126511     0.137432     0.147909     0.157668     0.166424     0.173882     0.179746     0.183721      0.18552     0.184865      0.18145     0.175003     0.165228     0.151851     0.134673     0.113683    0.0892804    0.0626309    0.0360975    0.0135465 -1.28376e-07  1.28376e-07
 -2.6017e-06   2.6017e-06   0.00104585    0.0029468   0.00557532   0.00884555    0.0127072    0.0171386    0.0221398    0.0277261    0.0339218    0.0407529    0.0482404    0.0563923    0.0651976    0.0746189     0.084587    0.0949975     0.105711     0.116512     0.127199     0.137513     0.147171     0.155873     0.163312     0.169179     0.173173     0.175001     0.174389     0.171047     0.164719     0.155148     0.142113     0.125485     0.105346    0.0821827    0.0572053    0.0326889    0.0121591  1.49605e-07 -1.49605e-07
-2.32617e-06  2.32617e-06  0.000878113   0.00246276   0.00464354   0.00735108    0.0105511    0.0142378    0.0184274    0.0231517    0.0284527    0.0343752    0.0409591    0.0482317    0.0562012    0.0648484    0.0741206     0.083927    0.0941376     0.104539     0.114934     0.125056     0.134614     0.143296     0.150783     0.156756     0.160902     0.162924     0.162544     0.159502     0.153537     0.144423     0.131984     0.116149    0.0970676    0.0752933     0.052049    0.0295073    0.0108809   4.2233e-07  -4.2233e-07
-2.04374e-06  2.04374e-06  0.000681312   0.00189837   0.00356297   0.00562586   0.00807117    0.0109103    0.0141767    0.0179189    0.0221971    0.0270754    0.0326137    0.0388598     0.045844    0.0535682    0.0619997    0.0710653    0.0806497     0.090552      0.10058     0.110464     0.119909     0.128594      0.13619     0.142364     0.146796      0.14918     0.149215     0.146696     0.141326     0.132913     0.121315     0.106505     0.088683    0.0684462    0.0470161    0.0264486   0.00966461  6.87015e-07 -6.87015e-07
-1.75553e-06  1.75553e-06  0.000457396   0.00126018   0.00234752   0.00369348   0.00530223   0.00720277   0.00944525    0.0120954     0.015231    0.0189345    0.0232859    0.0283544     0.034196    0.0408356    0.0482649    0.0564327    0.0652429    0.0745239    0.0840837    0.0936583     0.102955     0.111649     0.119399     0.125861       0.1307       0.1336     0.134277      0.13246     0.127913     0.120446     0.109934    0.0963817    0.0800259    0.0614893    0.0419744    0.0234208   0.00846954  9.40644e-07 -9.40644e-07
-1.46107e-06  1.46107e-06  0.000209508  0.000558241   0.00101769   0.00158779   0.00229354   0.00318061   0.00431172    0.0057749   0.00766173    0.0100677    0.0130926    0.0168313    0.0213661    0.0267462    0.0329938    0.0400841    0.0479431    0.0564569    0.0654058    0.0745664    0.0836513    0.0923329     0.100261     0.107081     0.112442     0.116015     0.117496     0.116596     0.113105     0.106828    0.0976488    0.0855952    0.0709265    0.0542761    0.0368127    0.0203505   0.00726378  1.18337e-06 -1.18337e-06
-1.16445e-06  1.16445e-06   -5.727e-05 -0.000192067 -0.000397798 -0.000648264 -0.000898141  -0.00108185  -0.00111539 -0.000911416 -0.000366904  0.000630085   0.00218871   0.00445258    0.0075119    0.0114457    0.0163141    0.0221226    0.0288358     0.036371    0.0445409    0.0531459    0.0619138    0.0705247    0.0786242    0.0858439    0.0918188    0.0961984    0.0986559    0.0988811    0.0966875    0.0918435     0.084252    0.0739502     0.061209    0.0466577    0.0314174    0.0171685   0.00602012  1.41262e-06 -1.41262e-06
-8.65031e-07  8.65031e-07 -0.000332091 -0.000963482  -0.00184991  -0.00293806  -0.00416348  -0.00544996  -0.00670921  -0.00783888  -0.00872264  -0.00922947  -0.00920764  -0.00855768  -0.00715484  -0.00485954  -0.00158336   0.00271569   0.00804999     0.014362    0.0215374    0.0293948    0.0376915    0.0461241    0.0543437    0.0619692    0.0686184    0.0739173     0.077515    0.0790979     0.078396    0.0752435    0.0695117    0.0612366    0.0506899    0.0384831    0.0256761    0.0138053   0.00471094  1.62833e-06 -1.62833e-06
-5.66017e-07  5.66017e-07 -0.000606731  -0.00173208  -0.00329387  -0.00521333  -0.00741026  -0.00979951   -0.0122875   -0.0147676   -0.0171191   -0.0192066   -0.0208878   -0.0220015   -0.0223801   -0.0218898   -0.0204362   -0.0178941   -0.0142032  -0.00938784  -0.00348262   0.00337686    0.0109873    0.0190734    0.0273007    0.0352877    0.0426322    0.0489346    0.0538154    0.0569292    0.0579778    0.0567682     0.053179    0.0472276    0.0391743    0.0295958    0.0194749    0.0101917   0.00330954  1.83148e-06 -1.83148e-06
-2.68432e-07  2.68432e-07 -0.000871425  -0.00247083  -0.00467979  -0.00739687   -0.0105296   -0.0139877   -0.0176774   -0.0214945   -0.0253214   -0.0290248   -0.0324552   -0.0354406   -0.0378021     -0.03936   -0.0399272   -0.0393653   -0.0376227   -0.0345906   -0.0302913   -0.0247471   -0.0181153    -0.010622  -0.00257251   0.00566152    0.0136621    0.0210052     0.027278    0.0320965    0.0351255    0.0361243    0.0349755    0.0316743    0.0264513    0.0198294    0.0126963   0.00625666   0.00178733  2.06558e-06 -2.06558e-06
 2.53562e-08 -2.53562e-08  -0.00111536  -0.00315033  -0.00595394  -0.00940621   -0.0134068   -0.0178655   -0.0226933   -0.0277947   -0.0330621   -0.0383697   -0.0435707   -0.0484919   -0.0529403   -0.0567072   -0.0595726   -0.0613341   -0.0617903   -0.0608513   -0.0585389    -0.054686    -0.049405   -0.0428456   -0.0352599   -0.0269936   -0.0184607   -0.0101078  -0.00238364   0.00428384   0.00951309    0.0130022    0.0145834    0.0143068    0.0122835    0.0089997   0.00522214   0.00193499  8.65302e-05  2.08721e-06 -2.08721e-06
 3.12954e-07 -3.12954e-07  -0.00132741   -0.0037406   -0.0070619   -0.0111582   -0.0159265   -0.0212816   -0.0271449   -0.0334351   -0.0400604   -0.0469106   -0.0538509   -0.0607159   -0.0673075   -0.0733997   -0.0787432   -0.0830799   -0.0861526   -0.0877367   -0.0876764   -0.0859829   -0.0825182   -0.0773424   -0.0706253   -0.0626606    -0.053833    -0.044602   -0.0354494   -0.0268473   -0.0192279   -0.0129458  -0.00823834  -0.00521466  -0.00364151  -0.00312318   -0.0030426  -0.00269954  -0.00159559  2.56105e-06 -2.56105e-06
 5.91883e-07 -5.91883e-07   -0.0014969  -0.00421308  -0.00795203   -0.0125739   -0.0179786   -0.0240907    -0.030847   -0.0381856    -0.046036   -0.0543102   -0.0628948   -0.0716424   -0.0803647   -0.0888296    -0.096768    -0.103879    -0.109844    -0.114352    -0.117116    -0.118032    -0.116878    -0.113645    -0.108345     -0.10117   -0.0924506   -0.0826186   -0.0721786   -0.0616464   -0.0515104   -0.0421939   -0.0339989   -0.0270645   -0.0213304   -0.0165594   -0.0123203  -0.00809689  -0.00369876  2.50253e-06 -2.50253e-06
 8.60019e-07 -8.60019e-07  -0.00161442   -0.0045427  -0.00857907   -0.0135839   -0.0194653   -0.0261625   -0.0336313   -0.0418332   -0.0507238   -0.0602428   -0.0703054   -0.0807926   -0.0915426    -0.102334    -0.112893    -0.122893     -0.13197    -0.139734    -0.145797    -0.149863    -0.151663    -0.150985    -0.147825    -0.142112    -0.134098     -0.12415    -0.112751    -0.100445   -0.0877723   -0.0752374   -0.0632247   -0.0519767   -0.0415823   -0.0319444   -0.0228463   -0.0141188  -0.00602399  2.72411e-06 -2.72411e-06
  1.1135e-06  -1.1135e-06  -0.00167239  -0.00470904  -0.00890596   -0.0141322   -0.0203089   -0.0273917   -0.0353587   -0.0441972   -0.0538923   -0.0644144   -0.0757114   -0.0877096    -0.100279    -0.113232    -0.126308    -0.139183     -0.15147    -0.162722    -0.172457    -0.180185    -0.185653    -0.188302    -0.188008    -0.184702    -0.178244    -0.168927    -0.157162    -0.143477    -0.128445    -0.112636   -0.0965426   -0.0805419   -0.0648798   -0.0496668   -0.0349718   -0.0210334  -0.00866039  2.93612e-06 -2.93612e-06
 1.35202e-06 -1.35202e-06  -0.00166835  -0.00470586  -0.00892181   -0.0141997   -0.0204768   -0.0277274   -0.0359496   -0.0451541   -0.0553556   -0.0665706   -0.0788002   -0.0919927    -0.106065    -0.120877    -0.136198    -0.151765    -0.167183    -0.181977    -0.195605    -0.207494    -0.217109    -0.224006    -0.227505    -0.227509    -0.223815    -0.216236    -0.205064    -0.190752    -0.173851    -0.154961    -0.134684     -0.11354   -0.0919757   -0.0703804   -0.0491923   -0.0291542   -0.0117495   3.1023e-06  -3.1023e-06
 1.57173e-06 -1.57173e-06  -0.00159754  -0.00452082  -0.00860452   -0.0137548   -0.0199298   -0.0271249   -0.0353609   -0.0446748   -0.0551107    -0.066704   -0.0794712   -0.0934167    -0.108508    -0.124675    -0.141835    -0.159708     -0.17795    -0.196094     -0.21358    -0.229812    -0.244066    -0.255808    -0.264227    -0.268642    -0.268904    -0.264594    -0.255476    -0.241802    -0.224013    -0.202677    -0.178447    -0.151979    -0.123944   -0.0950716   -0.0662872    -0.038979    -0.015503  3.28551e-06 -3.28551e-06
 1.77104e-06 -1.77104e-06  -0.00146167  -0.00415924  -0.00796402   -0.0128104    -0.018679   -0.0255844   -0.0335659   -0.0426801   -0.0529931   -0.0645743   -0.0774889    -0.091789      -0.1075    -0.124598    -0.142956    -0.162423    -0.182752    -0.203636    -0.224652    -0.245089    -0.264173    -0.281001    -0.295116    -0.305305    -0.310818    -0.311367    -0.306278    -0.295212    -0.278279    -0.255863    -0.228548    -0.197055    -0.162247    -0.125226    -0.087515    -0.051355   -0.0202856  3.47137e-06 -3.47137e-06
 1.94719e-06 -1.94719e-06  -0.00126622  -0.00363645  -0.00702833   -0.0114084   -0.0167794   -0.0231721   -0.0306392   -0.0392512   -0.0490926   -0.0602572   -0.0728427   -0.0869402    -0.102623    -0.119929    -0.138855    -0.159337    -0.181217    -0.204189    -0.227771    -0.251459    -0.274653    -0.296746    -0.316595    -0.333407    -0.345693    -0.352657    -0.353719    -0.347861    -0.334501    -0.313499    -0.285083    -0.249859    -0.208709    -0.163004    -0.114905   -0.0677639   -0.0267759  3.64865e-06 -3.64865e-06
 2.09839e-06 -2.09839e-06  -0.00102108  -0.00297984   -0.0058475  -0.00962425   -0.0143328    -0.020015   -0.0267306   -0.0345569   -0.0435872   -0.0539295   -0.0657022   -0.0790271   -0.0940205    -0.110783    -0.129386    -0.149851    -0.172124    -0.196054    -0.221382    -0.247709    -0.274431    -0.300637    -0.325521    -0.348207    -0.367946    -0.383053      -0.3921    -0.394127    -0.387835    -0.372137    -0.346347    -0.310443    -0.264997    -0.211205    -0.151615   -0.0908117   -0.0362951  3.81523e-06 -3.81523e-06
 2.23083e-06 -2.23083e-06 -0.000740927   -0.0022299  -0.00449505  -0.00756848   -0.0114882   -0.0163009   -0.0220661   -0.0288586   -0.0367713   -0.0459145   -0.0564148   -0.0684111   -0.0820483   -0.0974697    -0.114805    -0.134155    -0.155572    -0.179038    -0.204452    -0.231573    -0.260012    -0.289237    -0.318491    -0.346804    -0.372901    -0.395688    -0.413596    -0.425428    -0.429552    -0.423915     -0.40637    -0.375515    -0.330802    -0.272291     -0.20196    -0.124907   -0.0514814  3.96589e-06 -3.96589e-06
  2.3277e-06  -2.3277e-06 -0.000446353  -0.00144246  -0.00307057  -0.00538868  -0.00844282   -0.0122774   -0.0169439   -0.0225069   -0.0290487   -0.0366709   -0.0454947   -0.0556597   -0.0673197   -0.0806377   -0.0957781    -0.112895     -0.13212    -0.153544    -0.177201    -0.203036    -0.230881    -0.260442    -0.291252    -0.322624     -0.35367    -0.383224    -0.410097    -0.432183     -0.44772    -0.454784    -0.451513    -0.434102    -0.399318    -0.344702    -0.269502    -0.176551   -0.0775283  4.10128e-06 -4.10128e-06
   2.252e-06   -2.252e-06 -0.000166524 -0.000693295  -0.00170471  -0.00327327  -0.00544372  -0.00825059   -0.0117307    -0.015932   -0.0209182   -0.0267728   -0.0335994   -0.0415213   -0.0506805   -0.0612341     -0.07335    -0.087201    -0.102956    -0.120771    -0.140772    -0.163041    -0.187596     -0.21437    -0.243176    -0.273689    -0.305426     -0.33765    -0.369405    -0.399462    -0.426219     -0.44747    -0.460483    -0.462699    -0.448932    -0.413141    -0.349071    -0.251022    -0.123408  4.10031e-06 -4.10031e-06
 2.48108e-06 -2.48108e-06  5.45288e-05  -8.7892e-05 -0.000568893  -0.00145807  -0.00278849  -0.00457919  -0.00684923  -0.00962638    -0.012952   -0.0168837   -0.0214968   -0.0268841   -0.0331559   -0.0404385   -0.0488725   -0.0586092   -0.0698075   -0.0826282   -0.0972272    -0.113747    -0.132306    -0.152984    -0.175807    -0.200729    -0.227613    -0.256204    -0.286123    -0.316805    -0.347334    -0.376667    -0.403023    -0.423798     -0.43546    -0.432862     -0.40441    -0.333268    -0.197643  4.11423e-06 -4.11423e-06
  5.0278e-06  -5.0278e-06  0.000146447  0.000220516  0.000106203 -0.000240429 -0.000833001  -0.00167489  -0.00276984  -0.00412753  -0.00576649  -0.00771552   -0.0100144    -0.012714   -0.0158763   -0.0195739   -0.0238899   -0.0289167   -0.0347551   -0.0415132   -0.0493036   -0.0582405   -0.0684363   -0.0799965   -0.0930143    -0.107564    -0.123696    -0.141429    -0.160748    -0.181579     -0.20378    -0.227201    -0.251467    -0.276065    -0.300334    -0.321659    -0.335763    -0.329852    -0.262487  8.61926e-06 -8.61926e-06
          -0            0            0            0            0            0            0            0            0            0            0            0            0            0            0            0            0            0            0            0            0            0            0            0            0            0            0            0            0            0            0            0            0            0            0            0            0            0            0            0           -0
